0001_0151_0138_0281_0281.jpg 1 151 138 281 281
0002_0043_0032_0161_0161.jpg 1 43 32 161 161
0003_0265_0056_0252_0252.jpg 1 265 56 252 252
0004_0140_0017_0332_0332.jpg 1 140 17 332 332
0005_0231_0042_0119_0119.jpg 1 231 42 119 119
0006_0189_0117_0023_0023.jpg 1 189 117 23 23
0007_0125_0061_0095_0095.jpg 1 125 61 95 95
0008_0343_0111_0238_0238.jpg 1 343 111 238 238
0009_0088_0172_0206_0206.jpg 1 88 172 206 206
0010_0105_0192_0233_0233.jpg 1 105 192 233 233
0011_0103_0162_0021_0021.jpg 1 103 162 21 21
0012_0200_0029_0295_0295.jpg 1 200 29 295 295
0013_0089_0100_0295_0295.jpg 1 89 100 295 295
0014_0213_0131_0047_0047.jpg 1 213 131 47 47
0015_0179_0186_0027_0027.jpg 1 179 186 27 27
0016_0032_0091_0322_0322.jpg 1 32 91 322 322
0017_0236_0062_0304_0304.jpg 1 236 62 304 304
0018_0114_0112_0327_0327.jpg 1 114 112 327 327
0019_0049_0156_0222_0222.jpg 1 49 156 222 222
0020_0202_0364_0073_0073.jpg 1 202 364 73 73
0021_0138_0227_0120_0120.jpg 1 138 227 120 120
0022_0245_0150_0308_0308.jpg 1 245 150 308 308
0023_0093_0123_0146_0146.jpg 1 93 123 146 146
0024_0087_0120_0275_0275.jpg 1 87 120 275 275
0025_0137_0332_0032_0032.jpg 1 137 332 32 32
0026_0078_0019_0135_0135.jpg 1 78 19 135 135
0027_0067_0020_0152_0152.jpg 1 67 20 152 152
0028_0099_0152_0044_0044.jpg 1 99 152 44 44
0029_0121_0186_0221_0221.jpg 1 121 186 221 221
0030_0103_0071_0202_0202.jpg 1 103 71 202 202
0031_0215_0059_0025_0025.jpg 1 215 59 25 25
0032_0101_0304_0274_0274.jpg 1 101 304 274 274
0033_0021_0092_0124_0124.jpg 1 21 92 124 124
0034_0254_0126_0315_0315.jpg 1 254 126 315 315
0035_0227_0047_0161_0161.jpg 1 227 47 161 161
0036_0228_0344_0033_0033.jpg 1 228 344 33 33
0037_0420_0335_0094_0094.jpg 1 420 335 94 94
0038_0363_0165_0169_0169.jpg 1 363 165 169 169
0039_0059_0177_0282_0282.jpg 1 59 177 282 282
0040_0120_0111_0261_0261.jpg 1 120 111 261 261
0041_0215_0120_0335_0335.jpg 1 215 120 335 335
0042_0203_0046_0047_0047.jpg 1 203 46 47 47
0043_0160_0259_0135_0135.jpg 1 160 259 135 135
0044_0037_0031_0154_0154.jpg 1 37 31 154 154
0045_0035_0073_0154_0154.jpg 1 35 73 154 154
0046_0320_0069_0272_0272.jpg 1 320 69 272 272
0047_0238_0133_0029_0029.jpg 1 238 133 29 29
0048_0034_0056_0144_0144.jpg 1 34 56 144 144
0049_0080_0017_0071_0071.jpg 1 80 17 71 71
0050_0013_0104_0034_0034.jpg 1 13 104 34 34
0051_0049_0081_0040_0040.jpg 1 49 81 40 40
0052_0062_0177_0258_0258.jpg 1 62 177 258 258
0053_0082_0018_0149_0149.jpg 1 82 18 149 149
0054_0088_0115_0098_0098.jpg 1 88 115 98 98
0055_0419_0273_0150_0150.jpg 1 419 273 150 150
