0001_0384_0250_0106_0106.jpg 1 384 250 106 106
0002_0109_0074_0080_0080.jpg 1 109 74 80 80
0003_0084_0099_0079_0079.jpg 1 84 99 79 79
0004_0165_0044_0126_0126.jpg 1 165 44 126 126
0005_0095_0080_0136_0136.jpg 1 95 80 136 136
0006_0088_0015_0106_0106.jpg 1 88 15 106 106
0007_0115_0083_0040_0040.jpg 1 115 83 40 40
0008_0016_0037_0043_0043.jpg 1 16 37 43 43
0009_0035_0130_0239_0239.jpg 1 35 130 239 239
0010_0090_0094_0110_0110.jpg 1 90 94 110 110
0011_0153_0251_0116_0116.jpg 1 153 251 116 116
0012_0084_0056_0149_0149.jpg 1 84 56 149 149
0013_0278_0042_0078_0078.jpg 1 278 42 78 78
0014_0177_0115_0149_0149.jpg 1 177 115 149 149
0015_0056_0067_0096_0096.jpg 1 56 67 96 96
0016_0062_0052_0079_0079.jpg 1 62 52 79 79
0017_0183_0020_0242_0242.jpg 1 183 20 242 242
0018_0083_0107_0072_0072.jpg 1 83 107 72 72
0019_0010_0018_0119_0119.jpg 1 10 18 119 119
0020_0108_0114_0143_0143.jpg 1 108 114 143 143
0021_0371_0036_0198_0198.jpg 1 371 36 198 198
0022_0054_0078_0147_0147.jpg 1 54 78 147 147
0023_0316_0126_0229_0229.jpg 1 316 126 229 229
0024_0064_0234_0214_0214.jpg 1 64 234 214 214
0025_0111_0045_0157_0157.jpg 1 111 45 157 157
0026_0036_0083_0053_0053.jpg 1 36 83 53 53
0027_0036_0043_0144_0144.jpg 1 36 43 144 144
0028_0018_0028_0110_0110.jpg 1 18 28 110 110
0029_0114_0069_0105_0105.jpg 1 114 69 105 105
0030_0083_0072_0023_0023.jpg 1 83 72 23 23
0031_0084_0097_0075_0075.jpg 1 84 97 75 75
0032_0092_0064_0068_0068.jpg 1 92 64 68 68
0033_0080_0091_0034_0034.jpg 1 80 91 34 34
0034_0261_0236_0056_0056.jpg 1 261 236 56 56
0035_0220_0056_0059_0059.jpg 1 220 56 59 59
0036_0032_0153_0033_0033.jpg 1 32 153 33 33
0037_0033_0035_0119_0119.jpg 1 33 35 119 119
0038_0263_0112_0084_0084.jpg 1 263 112 84 84
0039_0321_0214_0126_0126.jpg 1 321 214 126 126
0040_0094_0098_0093_0093.jpg 1 94 98 93 93
0041_0157_0026_0331_0331.jpg 1 157 26 331 331
0042_0088_0041_0079_0079.jpg 1 88 41 79 79
0043_0088_0198_0241_0241.jpg 1 88 198 241 241
0044_0315_0176_0182_0182.jpg 1 315 176 182 182
0045_0068_0039_0139_0139.jpg 1 68 39 139 139
0046_0057_0332_0263_0263.jpg 1 57 332 263 263
0047_0370_0096_0203_0203.jpg 1 370 96 203 203
0048_0280_0128_0282_0282.jpg 1 280 128 282 282
0049_0059_0077_0147_0147.jpg 1 59 77 147 147
0050_0053_0032_0089_0089.jpg 1 53 32 89 89
0051_0120_0020_0069_0069.jpg 1 120 20 69 69
0052_0270_0118_0069_0069.jpg 1 270 118 69 69
0053_0014_0075_0084_0084.jpg 1 14 75 84 84
0054_0435_0087_0117_0117.jpg 1 435 87 117 117
0055_0050_0072_0269_0269.jpg 1 50 72 269 269
0056_0083_0359_0080_0080.jpg 1 83 359 80 80
0057_0060_0116_0050_0050.jpg 1 60 116 50 50
0058_0353_0155_0230_0230.jpg 1 353 155 230 230
0059_0132_0044_0097_0097.jpg 1 132 44 97 97
0060_0437_0265_0043_0043.jpg 1 437 265 43 43
0061_0156_0135_0183_0183.jpg 1 156 135 183 183
0062_0100_0227_0193_0193.jpg 1 100 227 193 193
0063_0353_0089_0116_0116.jpg 1 353 89 116 116
0064_0135_0124_0274_0274.jpg 1 135 124 274 274
