0001_0216_0159_0255_0255.jpg 1 216 159 255 255
0002_0173_0163_0186_0186.jpg 1 173 163 186 186
0003_0193_0125_0242_0242.jpg 1 193 125 242 242
0004_0142_0038_0054_0054.jpg 1 142 38 54 54
0005_0251_0069_0224_0224.jpg 1 251 69 224 224
0006_0089_0263_0317_0317.jpg 1 89 263 317 317
0007_0045_0033_0318_0318.jpg 1 45 33 318 318
0008_0473_0225_0081_0081.jpg 1 473 225 81 81
0009_0054_0140_0118_0118.jpg 1 54 140 118 118
0010_0186_0148_0177_0177.jpg 1 186 148 177 177
0011_0186_0343_0164_0164.jpg 1 186 343 164 164
0012_0136_0087_0065_0065.jpg 1 136 87 65 65
0013_0050_0061_0064_0064.jpg 1 50 61 64 64
0014_0054_0045_0288_0288.jpg 1 54 45 288 288
0015_0234_0062_0320_0320.jpg 1 234 62 320 320
0016_0054_0023_0105_0105.jpg 1 54 23 105 105
0017_0064_0010_0167_0167.jpg 1 64 10 167 167
0018_0119_0182_0240_0240.jpg 1 119 182 240 240
0019_0223_0042_0118_0118.jpg 1 223 42 118 118
0020_0070_0244_0127_0127.jpg 1 70 244 127 127
0021_0351_0051_0088_0088.jpg 1 351 51 88 88
0022_0156_0019_0099_0099.jpg 1 156 19 99 99
0023_0223_0100_0198_0198.jpg 1 223 100 198 198
0024_0068_0040_0069_0069.jpg 1 68 40 69 69
0025_0230_0142_0170_0170.jpg 1 230 142 170 170
0026_0305_0097_0072_0072.jpg 1 305 97 72 72
0027_0191_0083_0255_0255.jpg 1 191 83 255 255
0028_0298_0139_0280_0280.jpg 1 298 139 280 280
0029_0179_0105_0316_0316.jpg 1 179 105 316 316
0030_0074_0130_0063_0063.jpg 1 74 130 63 63
0031_0325_0047_0270_0270.jpg 1 325 47 270 270
0032_0102_0066_0095_0095.jpg 1 102 66 95 95
0033_0030_0075_0126_0126.jpg 1 30 75 126 126
0034_0150_0059_0106_0106.jpg 1 150 59 106 106
0035_0308_0066_0149_0149.jpg 1 308 66 149 149
0036_0163_0098_0039_0039.jpg 1 163 98 39 39
0037_0064_0098_0108_0108.jpg 1 64 98 108 108
0038_0366_0080_0218_0218.jpg 1 366 80 218 218
0039_0288_0086_0315_0315.jpg 1 288 86 315 315
0040_0100_0026_0031_0031.jpg 1 100 26 31 31
0041_0116_0077_0323_0323.jpg 1 116 77 323 323
0042_0021_0094_0046_0046.jpg 1 21 94 46 46
0043_0203_0066_0055_0055.jpg 1 203 66 55 55
0044_0217_0113_0177_0177.jpg 1 217 113 177 177
0045_0160_0105_0214_0214.jpg 1 160 105 214 214
0046_0088_0119_0021_0021.jpg 1 88 119 21 21
0047_0382_0219_0179_0179.jpg 1 382 219 179 179
0048_0121_0046_0080_0080.jpg 1 121 46 80 80
0049_0132_0026_0249_0249.jpg 1 132 26 249 249
0050_0312_0057_0242_0242.jpg 1 312 57 242 242
0051_0092_0132_0164_0164.jpg 1 92 132 164 164
0052_0035_0205_0269_0269.jpg 1 35 205 269 269
0053_0236_0199_0225_0225.jpg 1 236 199 225 225
0054_0115_0190_0268_0268.jpg 1 115 190 268 268
0055_0180_0095_0103_0103.jpg 1 180 95 103 103
