0001_0122_0175_0026_0026.jpg 1 122 175 26 26
0002_0229_0053_0039_0039.jpg 1 229 53 39 39
0003_0035_0058_0043_0043.jpg 1 35 58 43 43
0004_0131_0032_0045_0045.jpg 1 131 32 45 45
0005_0107_0116_0089_0089.jpg 1 107 116 89 89
0006_0152_0062_0199_0199.jpg 1 152 62 199 199
0007_0144_0010_0140_0140.jpg 1 144 10 140 140
0008_0076_0082_0137_0137.jpg 1 76 82 137 137
0009_0060_0084_0097_0097.jpg 1 60 84 97 97
0010_0224_0018_0070_0070.jpg 1 224 18 70 70
0011_0174_0100_0187_0187.jpg 1 174 100 187 187
0012_0055_0039_0165_0165.jpg 1 55 39 165 165
0013_0459_0154_0107_0107.jpg 1 459 154 107 107
0014_0063_0061_0058_0058.jpg 1 63 61 58 58
0015_0207_0039_0243_0243.jpg 1 207 39 243 243
0016_0124_0392_0039_0039.jpg 1 124 392 39 39
0017_0203_0187_0031_0031.jpg 1 203 187 31 31
0018_0132_0102_0104_0104.jpg 1 132 102 104 104
0019_0190_0097_0175_0175.jpg 1 190 97 175 175
0020_0227_0141_0029_0029.jpg 1 227 141 29 29
0021_0034_0131_0092_0092.jpg 1 34 131 92 92
0022_0266_0419_0026_0026.jpg 1 266 419 26 26
0023_0274_0194_0074_0074.jpg 1 274 194 74 74
0024_0332_0392_0038_0038.jpg 1 332 392 38 38
0025_0092_0062_0116_0116.jpg 1 92 62 116 116
0026_0061_0123_0287_0287.jpg 1 61 123 287 287
0027_0077_0291_0190_0190.jpg 1 77 291 190 190
0028_0174_0214_0125_0125.jpg 1 174 214 125 125
0029_0195_0131_0297_0297.jpg 1 195 131 297 297
0030_0038_0024_0125_0125.jpg 1 38 24 125 125
0031_0222_0134_0107_0107.jpg 1 222 134 107 107
0032_0278_0025_0297_0297.jpg 1 278 25 297 297
0033_0032_0031_0146_0146.jpg 1 32 31 146 146
0034_0064_0148_0051_0051.jpg 1 64 148 51 51
0035_0390_0119_0122_0122.jpg 1 390 119 122 122
0036_0305_0311_0096_0096.jpg 1 305 311 96 96
0037_0076_0041_0105_0105.jpg 1 76 41 105 105
0038_0106_0057_0054_0054.jpg 1 106 57 54 54
0039_0205_0083_0090_0090.jpg 1 205 83 90 90
0040_0039_0056_0121_0121.jpg 1 39 56 121 121
0041_0490_0177_0022_0022.jpg 1 490 177 22 22
0042_0181_0092_0061_0061.jpg 1 181 92 61 61
0043_0311_0169_0224_0224.jpg 1 311 169 224 224
0044_0233_0122_0328_0328.jpg 1 233 122 328 328
0045_0031_0080_0107_0107.jpg 1 31 80 107 107
0046_0114_0295_0032_0032.jpg 1 114 295 32 32
0047_0405_0027_0153_0153.jpg 1 405 27 153 153
0048_0024_0099_0129_0129.jpg 1 24 99 129 129
0049_0144_0109_0020_0020.jpg 1 144 109 20 20
0050_0169_0108_0067_0067.jpg 1 169 108 67 67
0051_0028_0023_0090_0090.jpg 1 28 23 90 90
0052_0209_0152_0135_0135.jpg 1 209 152 135 135
0053_0121_0014_0102_0102.jpg 1 121 14 102 102
0054_0169_0340_0096_0096.jpg 1 169 340 96 96
0055_0065_0030_0093_0093.jpg 1 65 30 93 93
