0001_0127_0117_0278_0278.jpg 1 127 117 278 278
0002_0034_0119_0028_0028.jpg 1 34 119 28 28
0003_0430_0083_0112_0112.jpg 1 430 83 112 112
0004_0053_0124_0084_0084.jpg 1 53 124 84 84
0005_0077_0151_0207_0207.jpg 1 77 151 207 207
0006_0057_0111_0271_0271.jpg 1 57 111 271 271
0007_0411_0077_0074_0074.jpg 1 411 77 74 74
0008_0054_0127_0095_0095.jpg 1 54 127 95 95
0009_0201_0151_0048_0048.jpg 1 201 151 48 48
0010_0113_0084_0069_0069.jpg 1 113 84 69 69
0011_0078_0475_0059_0059.jpg 1 78 475 59 59
0012_0308_0088_0117_0117.jpg 1 308 88 117 117
0013_0165_0091_0154_0154.jpg 1 165 91 154 154
0014_0200_0046_0089_0089.jpg 1 200 46 89 89
0015_0183_0034_0114_0114.jpg 1 183 34 114 114
0016_0174_0079_0042_0042.jpg 1 174 79 42 42
0017_0036_0042_0106_0106.jpg 1 36 42 106 106
0018_0229_0089_0328_0328.jpg 1 229 89 328 328
0019_0352_0287_0062_0062.jpg 1 352 287 62 62
0020_1696_0295_0251_0251.jpg 1 1696 295 251 251
0021_0276_0170_0221_0221.jpg 1 276 170 221 221
0022_0149_0369_0025_0025.jpg 1 149 369 25 25
0023_0123_0125_0076_0076.jpg 1 123 125 76 76
0024_0122_0078_0146_0146.jpg 1 122 78 146 146
0025_0228_0040_0025_0025.jpg 1 228 40 25 25
0026_0123_0081_0179_0179.jpg 1 123 81 179 179
0027_0247_0115_0290_0290.jpg 1 247 115 290 290
0028_0149_0011_0108_0108.jpg 1 149 11 108 108
0029_0088_0208_0117_0117.jpg 1 88 208 117 117
0030_0187_0040_0053_0053.jpg 1 187 40 53 53
0031_0114_0056_0078_0078.jpg 1 114 56 78 78
0032_0041_0046_0114_0114.jpg 1 41 46 114 114
0033_0145_0074_0334_0334.jpg 1 145 74 334 334
0034_0173_0103_0089_0089.jpg 1 173 103 89 89
0035_0082_0170_0116_0116.jpg 1 82 170 116 116
0036_0128_0017_0040_0040.jpg 1 128 17 40 40
0037_0374_0158_0166_0166.jpg 1 374 158 166 166
0038_0034_0211_0306_0306.jpg 1 34 211 306 306
0039_0104_0050_0084_0084.jpg 1 104 50 84 84
0040_0196_0162_0219_0219.jpg 1 196 162 219 219
0041_0070_0076_0291_0291.jpg 1 70 76 291 291
0042_0190_0390_0163_0163.jpg 1 190 390 163 163
0043_0514_0088_0031_0031.jpg 1 514 88 31 31
0044_0268_0094_0090_0090.jpg 1 268 94 90 90
0045_0046_0026_0334_0334.jpg 1 46 26 334 334
0046_0231_0091_0040_0040.jpg 1 231 91 40 40
0047_0343_0203_0240_0240.jpg 1 343 203 240 240
0048_0195_0023_0089_0089.jpg 1 195 23 89 89
0049_0440_0167_0086_0086.jpg 1 440 167 86 86
0050_0324_0291_0040_0040.jpg 1 324 291 40 40
0051_0321_0208_0064_0064.jpg 1 321 208 64 64
0052_0063_0054_0164_0164.jpg 1 63 54 164 164
0053_0280_0231_0089_0089.jpg 1 280 231 89 89
0054_0289_0182_0052_0052.jpg 1 289 182 52 52
0055_0370_0232_0067_0067.jpg 1 370 232 67 67
0056_0197_0120_0242_0242.jpg 1 197 120 242 242
0057_0080_0079_0067_0067.jpg 1 80 79 67 67
0058_0062_0158_0283_0283.jpg 1 62 158 283 283
0059_0491_0152_0090_0090.jpg 1 491 152 90 90
0060_0078_0227_0160_0160.jpg 1 78 227 160 160
0061_0218_0303_0050_0050.jpg 1 218 303 50 50
0062_0018_0022_0153_0153.jpg 1 18 22 153 153
0063_0076_0066_0088_0088.jpg 1 76 66 88 88
0064_0133_0037_0134_0134.jpg 1 133 37 134 134
