0001_0051_0064_0220_0220.jpg 1 51 64 220 220
0002_0444_0187_0061_0061.jpg 1 444 187 61 61
0003_0040_0025_0131_0131.jpg 1 40 25 131 131
0004_0296_0386_0026_0026.jpg 1 296 386 26 26
0005_0039_0034_0036_0036.jpg 1 39 34 36 36
0006_0103_0141_0281_0281.jpg 1 103 141 281 281
0007_0379_0178_0173_0173.jpg 1 379 178 173 173
0008_0072_0146_0034_0034.jpg 1 72 146 34 34
0009_0073_0292_0056_0056.jpg 1 73 292 56 56
0010_0051_0044_0056_0056.jpg 1 51 44 56 56
0011_0068_0057_0092_0092.jpg 1 68 57 92 92
0012_0457_0076_0066_0066.jpg 1 457 76 66 66
0013_0061_0013_0166_0166.jpg 1 61 13 166 166
0014_0090_0091_0074_0074.jpg 1 90 91 74 74
0015_0055_0201_0088_0088.jpg 1 55 201 88 88
0016_0168_0156_0025_0025.jpg 1 168 156 25 25
0017_0298_0270_0059_0059.jpg 1 298 270 59 59
0018_0442_0197_0118_0118.jpg 1 442 197 118 118
0019_0042_0138_0289_0289.jpg 1 42 138 289 289
0020_0107_0033_0092_0092.jpg 1 107 33 92 92
0021_0023_0139_0056_0056.jpg 1 23 139 56 56
0022_0134_0196_0249_0249.jpg 1 134 196 249 249
0023_0334_0062_0143_0143.jpg 1 334 62 143 143
0024_0050_0080_0082_0082.jpg 1 50 80 82 82
0025_0043_0043_0045_0045.jpg 1 43 43 45 45
0026_0068_0111_0043_0043.jpg 1 68 111 43 43
0027_0254_0235_0061_0061.jpg 1 254 235 61 61
0028_0041_0050_0056_0056.jpg 1 41 50 56 56
0029_0229_0190_0259_0259.jpg 1 229 190 259 259
0030_0221_0248_0158_0158.jpg 1 221 248 158 158
0031_0053_0116_0056_0056.jpg 1 53 116 56 56
0032_0275_0035_0259_0259.jpg 1 275 35 259 259
0033_0373_0201_0061_0061.jpg 1 373 201 61 61
0034_0033_0173_0024_0024.jpg 1 33 173 24 24
0035_0116_0244_0069_0069.jpg 1 116 244 69 69
0036_0159_0233_0164_0164.jpg 1 159 233 164 164
0037_0179_0095_0245_0245.jpg 1 179 95 245 245
0038_0105_0048_0085_0085.jpg 1 105 48 85 85
0039_0048_0088_0299_0299.jpg 1 48 88 299 299
0040_0061_0023_0164_0164.jpg 1 61 23 164 164
0041_0243_0031_0033_0033.jpg 1 243 31 33 33
0042_0061_0111_0105_0105.jpg 1 61 111 105 105
0043_0146_0070_0088_0088.jpg 1 146 70 88 88
0044_0164_0144_0313_0313.jpg 1 164 144 313 313
0045_0041_0029_0109_0109.jpg 1 41 29 109 109
0046_0455_0339_0051_0051.jpg 1 455 339 51 51
0047_0443_0046_0111_0111.jpg 1 443 46 111 111
0048_0192_0061_0062_0062.jpg 1 192 61 62 62
0049_0340_0174_0194_0194.jpg 1 340 174 194 194
0050_0168_0087_0255_0255.jpg 1 168 87 255 255
0051_0202_0056_0084_0084.jpg 1 202 56 84 84
0052_0107_0040_0052_0052.jpg 1 107 40 52 52
0053_0206_0110_0251_0251.jpg 1 206 110 251 251
0054_0178_0352_0070_0070.jpg 1 178 352 70 70
0055_0413_0285_0135_0135.jpg 1 413 285 135 135
