0001_0190_0135_0253_0253.jpg 1 190 135 253 253
0002_0101_0158_0222_0222.jpg 1 101 158 222 222
0003_0207_0347_0144_0144.jpg 1 207 347 144 144
0004_0120_0024_0240_0240.jpg 1 120 24 240 240
0005_0102_0185_0020_0020.jpg 1 102 185 20 20
0006_0172_0079_0109_0109.jpg 1 172 79 109 109
0007_0182_0101_0109_0109.jpg 1 182 101 109 109
0008_0062_0038_0033_0033.jpg 1 62 38 33 33
0009_0044_0062_0129_0129.jpg 1 44 62 129 129
0010_0350_0084_0069_0069.jpg 1 350 84 69 69
0011_0095_0090_0099_0099.jpg 1 95 90 99 99
0012_0092_0074_0150_0150.jpg 1 92 74 150 150
0013_0138_0026_0328_0328.jpg 1 138 26 328 328
0014_0092_0041_0149_0149.jpg 1 92 41 149 149
0015_0290_0177_0270_0270.jpg 1 290 177 270 270
0016_0041_0084_0132_0132.jpg 1 41 84 132 132
0017_0241_0048_0031_0031.jpg 1 241 48 31 31
0018_0090_0039_0112_0112.jpg 1 90 39 112 112
0019_0024_0073_0274_0274.jpg 1 24 73 274 274
0020_0264_0267_0128_0128.jpg 1 264 267 128 128
0021_0046_0043_0116_0116.jpg 1 46 43 116 116
0022_0128_0156_0264_0264.jpg 1 128 156 264 264
0023_0106_0087_0099_0099.jpg 1 106 87 99 99
0024_0195_0053_0065_0065.jpg 1 195 53 65 65
0025_0062_0093_0080_0080.jpg 1 62 93 80 80
0026_0142_0030_0155_0155.jpg 1 142 30 155 155
0027_0035_0112_0089_0089.jpg 1 35 112 89 89
0028_0105_0271_0166_0166.jpg 1 105 271 166 166
0029_0218_0087_0211_0211.jpg 1 218 87 211 211
0030_0120_0322_0020_0020.jpg 1 120 322 20 20
0031_0082_0061_0034_0034.jpg 1 82 61 34 34
0032_0158_0045_0181_0181.jpg 1 158 45 181 181
0033_0350_0173_0021_0021.jpg 1 350 173 21 21
0034_0113_0121_0071_0071.jpg 1 113 121 71 71
0035_0126_0207_0094_0094.jpg 1 126 207 94 94
0036_0188_0102_0053_0053.jpg 1 188 102 53 53
0037_0126_0066_0250_0250.jpg 1 126 66 250 250
0038_0175_0179_0039_0039.jpg 1 175 179 39 39
0039_0057_0205_0126_0126.jpg 1 57 205 126 126
0040_0087_0018_0144_0144.jpg 1 87 18 144 144
0041_0238_0174_0279_0279.jpg 1 238 174 279 279
0042_0292_0083_0162_0162.jpg 1 292 83 162 162
0043_0115_0149_0308_0308.jpg 1 115 149 308 308
0044_0148_0017_0140_0140.jpg 1 148 17 140 140
0045_0016_0061_0122_0122.jpg 1 16 61 122 122
0046_0025_0149_0050_0050.jpg 1 25 149 50 50
0047_0479_0119_0086_0086.jpg 1 479 119 86 86
0048_0074_0151_0037_0037.jpg 1 74 151 37 37
0049_0117_0063_0096_0096.jpg 1 117 63 96 96
0050_0176_0108_0207_0207.jpg 1 176 108 207 207
0051_0134_0078_0087_0087.jpg 1 134 78 87 87
0052_0134_0093_0036_0036.jpg 1 134 93 36 36
0053_0041_0102_0022_0022.jpg 1 41 102 22 22
0054_0193_0095_0053_0053.jpg 1 193 95 53 53
0055_0111_0075_0063_0063.jpg 1 111 75 63 63
0056_0042_0023_0108_0108.jpg 1 42 23 108 108
0057_0223_0037_0027_0027.jpg 1 223 37 27 27
0058_0159_0055_0025_0025.jpg 1 159 55 25 25
0059_0091_0093_0036_0036.jpg 1 91 93 36 36
0060_0101_0036_0023_0023.jpg 1 101 36 23 23
0061_0941_0281_1340_1340.jpg 1 941 281 1340 1340
0062_0057_0143_0294_0294.jpg 1 57 143 294 294
0063_0040_0119_0097_0097.jpg 1 40 119 97 97
0064_0009_0084_0067_0067.jpg 1 9 84 67 67
