0001_0395_0171_0134_0134.jpg 1 395 171 134 134
0002_0249_0174_0209_0209.jpg 1 249 174 209 209
0003_0461_0309_0049_0049.jpg 1 461 309 49 49
0004_0116_0057_0025_0025.jpg 1 116 57 25 25
0005_0107_0266_0109_0109.jpg 1 107 266 109 109
0006_0429_0068_0021_0021.jpg 1 429 68 21 21
0007_0068_0089_0037_0037.jpg 1 68 89 37 37
0008_0077_0471_0032_0032.jpg 1 77 471 32 32
0009_0213_0118_0240_0240.jpg 1 213 118 240 240
0010_0116_0158_0040_0040.jpg 1 116 158 40 40
0011_0285_0023_0317_0317.jpg 1 285 23 317 317
0012_0243_0147_0283_0283.jpg 1 243 147 283 283
0013_0129_0111_0231_0231.jpg 1 129 111 231 231
0014_0044_0150_0022_0022.jpg 1 44 150 22 22
0015_0062_0058_0140_0140.jpg 1 62 58 140 140
0016_0184_0084_0303_0303.jpg 1 184 84 303 303
0017_0233_0109_0032_0032.jpg 1 233 109 32 32
0018_0394_0152_0195_0195.jpg 1 394 152 195 195
0019_0122_0154_0113_0113.jpg 1 122 154 113 113
0020_0075_0065_0153_0153.jpg 1 75 65 153 153
0021_0081_0065_0150_0150.jpg 1 81 65 150 150
0022_0243_0146_0075_0075.jpg 1 243 146 75 75
0023_0349_0086_0045_0045.jpg 1 349 86 45 45
0024_0223_0461_0048_0048.jpg 1 223 461 48 48
0025_0236_0060_0221_0221.jpg 1 236 60 221 221
0026_0032_0108_0118_0118.jpg 1 32 108 118 118
0027_0030_0088_0094_0094.jpg 1 30 88 94 94
0028_0022_0135_0085_0085.jpg 1 22 135 85 85
0029_0118_0013_0163_0163.jpg 1 118 13 163 163
0030_0380_0034_0150_0150.jpg 1 380 34 150 150
0031_0143_0053_0152_0152.jpg 1 143 53 152 152
0032_0060_0028_0160_0160.jpg 1 60 28 160 160
0033_0047_0052_0149_0149.jpg 1 47 52 149 149
0034_0028_0073_0140_0140.jpg 1 28 73 140 140
0035_0148_0157_0119_0119.jpg 1 148 157 119 119
0036_0436_0087_0085_0085.jpg 1 436 87 85 85
0037_0250_0361_0069_0069.jpg 1 250 361 69 69
0038_0306_0048_0213_0213.jpg 1 306 48 213 213
0039_0155_0099_0038_0038.jpg 1 155 99 38 38
0040_0061_0048_0121_0121.jpg 1 61 48 121 121
0041_0288_0127_0224_0224.jpg 1 288 127 224 224
0042_0212_0064_0064_0064.jpg 1 212 64 64 64
0043_0174_0049_0059_0059.jpg 1 174 49 59 59
0044_0224_0091_0314_0314.jpg 1 224 91 314 314
0045_0195_0134_0031_0031.jpg 1 195 134 31 31
0046_0263_0051_0192_0192.jpg 1 263 51 192 192
0047_0085_0056_0137_0137.jpg 1 85 56 137 137
0048_0052_0209_0154_0154.jpg 1 52 209 154 154
0049_0026_0104_0092_0092.jpg 1 26 104 92 92
0050_0191_0102_0149_0149.jpg 1 191 102 149 149
0051_0117_0085_0132_0132.jpg 1 117 85 132 132
0052_0069_0030_0121_0121.jpg 1 69 30 121 121
0053_0305_0192_0263_0263.jpg 1 305 192 263 263
0054_0027_0206_0302_0302.jpg 1 27 206 302 302
0055_0051_0113_0095_0095.jpg 1 51 113 95 95
0056_0226_0020_0051_0051.jpg 1 226 20 51 51
0057_0483_0208_0033_0033.jpg 1 483 208 33 33
0058_0199_0049_0053_0053.jpg 1 199 49 53 53
0059_0159_0047_0234_0234.jpg 1 159 47 234 234
0060_0144_0151_0273_0273.jpg 1 144 151 273 273
0061_0172_0033_0208_0208.jpg 1 172 33 208 208
0062_0106_0195_0099_0099.jpg 1 106 195 99 99
0063_0086_0165_0215_0215.jpg 1 86 165 215 215
0064_0035_0132_0293_0293.jpg 1 35 132 293 293
