0001_0218_0172_0185_0185.jpg 1 218 172 185 185
0002_0056_0122_0252_0252.jpg 1 56 122 252 252
0003_0230_0118_0327_0327.jpg 1 230 118 327 327
0004_0054_0070_0136_0136.jpg 1 54 70 136 136
0005_0077_0118_0103_0103.jpg 1 77 118 103 103
0006_0194_0181_0245_0245.jpg 1 194 181 245 245
0007_0394_0145_0064_0064.jpg 1 394 145 64 64
0008_0410_0393_0021_0021.jpg 1 410 393 21 21
0009_0053_0028_0276_0276.jpg 1 53 28 276 276
0010_0024_0058_0167_0167.jpg 1 24 58 167 167
0011_0052_0148_0305_0305.jpg 1 52 148 305 305
0012_0095_0074_0267_0267.jpg 1 95 74 267 267
0013_0021_0098_0087_0087.jpg 1 21 98 87 87
0014_0114_0072_0142_0142.jpg 1 114 72 142 142
0015_0033_0102_0079_0079.jpg 1 33 102 79 79
0016_0205_0145_0178_0178.jpg 1 205 145 178 178
0017_0326_0131_0100_0100.jpg 1 326 131 100 100
0018_0060_0052_0157_0157.jpg 1 60 52 157 157
0019_0274_0333_0143_0143.jpg 1 274 333 143 143
0020_0220_0190_0206_0206.jpg 1 220 190 206 206
0021_0135_0071_0073_0073.jpg 1 135 71 73 73
0022_0166_0261_0267_0267.jpg 1 166 261 267 267
0023_0110_0027_0052_0052.jpg 1 110 27 52 52
0024_0171_0232_0166_0166.jpg 1 171 232 166 166
0025_0160_0340_0049_0049.jpg 1 160 340 49 49
0026_0440_0358_0061_0061.jpg 1 440 358 61 61
0027_0326_0130_0184_0184.jpg 1 326 130 184 184
0028_0048_0013_0150_0150.jpg 1 48 13 150 150
0029_0287_0076_0201_0201.jpg 1 287 76 201 201
0030_0073_0115_0097_0097.jpg 1 73 115 97 97
0031_0097_0027_0124_0124.jpg 1 97 27 124 124
0032_0011_0069_0102_0102.jpg 1 11 69 102 102
0033_0074_0138_0172_0172.jpg 1 74 138 172 172
0034_0173_0334_0101_0101.jpg 1 173 334 101 101
0035_0194_0033_0304_0304.jpg 1 194 33 304 304
0036_0159_0074_0237_0237.jpg 1 159 74 237 237
0037_0217_0174_0280_0280.jpg 1 217 174 280 280
0038_0110_0057_0058_0058.jpg 1 110 57 58 58
0039_0069_0090_0282_0282.jpg 1 69 90 282 282
0040_0155_0088_0288_0288.jpg 1 155 88 288 288
0041_0288_0252_0099_0099.jpg 1 288 252 99 99
0042_0072_0028_0163_0163.jpg 1 72 28 163 163
0043_0265_0139_0236_0236.jpg 1 265 139 236 236
0044_0272_0190_0133_0133.jpg 1 272 190 133 133
0045_0379_0208_0184_0184.jpg 1 379 208 184 184
0046_0251_0076_0081_0081.jpg 1 251 76 81 81
0047_0524_0075_0021_0021.jpg 1 524 75 21 21
0048_0247_0366_0142_0142.jpg 1 247 366 142 142
0049_0040_0057_0054_0054.jpg 1 40 57 54 54
0050_0162_0048_0138_0138.jpg 1 162 48 138 138
0051_0322_0131_0193_0193.jpg 1 322 131 193 193
0052_0240_0143_0213_0213.jpg 1 240 143 213 213
0053_0044_0019_0128_0128.jpg 1 44 19 128 128
0054_0142_0238_0189_0189.jpg 1 142 238 189 189
0055_0451_0064_0074_0074.jpg 1 451 64 74 74
