0001_0324_0033_0175_0175.jpg 1 324 33 175 175
0002_0036_0072_0133_0133.jpg 1 36 72 133 133
0003_0123_0045_0133_0133.jpg 1 123 45 133 133
0004_0076_0071_0063_0063.jpg 1 76 71 63 63
0005_0318_0144_0243_0243.jpg 1 318 144 243 243
0006_0242_0216_0234_0234.jpg 1 242 216 234 234
0007_0215_0112_0125_0125.jpg 1 215 112 125 125
0008_0025_0150_0073_0073.jpg 1 25 150 73 73
0009_0076_0161_0021_0021.jpg 1 76 161 21 21
0010_0230_0140_0313_0313.jpg 1 230 140 313 313
0011_0361_0156_0235_0235.jpg 1 361 156 235 235
0012_0073_0043_0029_0029.jpg 1 73 43 29 29
0013_0101_0042_0105_0105.jpg 1 101 42 105 105
0014_0294_0164_0229_0229.jpg 1 294 164 229 229
0015_0105_0157_0287_0287.jpg 1 105 157 287 287
0016_0352_0223_0130_0130.jpg 1 352 223 130 130
0017_0091_0096_0112_0112.jpg 1 91 96 112 112
0018_0220_0041_0278_0278.jpg 1 220 41 278 278
0019_0161_0240_0102_0102.jpg 1 161 240 102 102
0020_0261_0225_0170_0170.jpg 1 261 225 170 170
0021_0046_0137_0078_0078.jpg 1 46 137 78 78
0022_0266_0164_0044_0044.jpg 1 266 164 44 44
0023_0107_0022_0150_0150.jpg 1 107 22 150 150
0024_0166_0418_0035_0035.jpg 1 166 418 35 35
0025_0330_0261_0167_0167.jpg 1 330 261 167 167
0026_0054_0038_0088_0088.jpg 1 54 38 88 88
0027_0084_0068_0028_0028.jpg 1 84 68 28 28
0028_0175_0079_0124_0124.jpg 1 175 79 124 124
0029_0189_0333_0050_0050.jpg 1 189 333 50 50
0030_0295_0071_0283_0283.jpg 1 295 71 283 283
0031_0145_0078_0061_0061.jpg 1 145 78 61 61
0032_0133_0046_0052_0052.jpg 1 133 46 52 52
0033_0050_0020_0157_0157.jpg 1 50 20 157 157
0034_0058_0139_0084_0084.jpg 1 58 139 84 84
0035_0072_0077_0095_0095.jpg 1 72 77 95 95
0036_0059_0155_0022_0022.jpg 1 59 155 22 22
0037_0184_0186_0199_0199.jpg 1 184 186 199 199
0038_0036_0044_0152_0152.jpg 1 36 44 152 152
0039_0131_0195_0232_0232.jpg 1 131 195 232 232
0040_0226_0054_0141_0141.jpg 1 226 54 141 141
0041_0277_0195_0141_0141.jpg 1 277 195 141 141
0042_0315_0158_0137_0137.jpg 1 315 158 137 137
0043_0181_0372_0031_0031.jpg 1 181 372 31 31
0044_0242_0091_0082_0082.jpg 1 242 91 82 82
0045_0230_0065_0296_0296.jpg 1 230 65 296 296
0046_0145_0028_0031_0031.jpg 1 145 28 31 31
0047_0334_0414_0086_0086.jpg 1 334 414 86 86
0048_0011_0063_0101_0101.jpg 1 11 63 101 101
0049_0049_0266_0304_0304.jpg 1 49 266 304 304
0050_0308_0122_0186_0186.jpg 1 308 122 186 186
0051_0147_0083_0060_0060.jpg 1 147 83 60 60
0052_0094_0080_0285_0285.jpg 1 94 80 285 285
0053_0263_0521_0054_0054.jpg 1 263 521 54 54
0054_0330_0146_0268_0268.jpg 1 330 146 268 268
0055_0283_0083_0282_0282.jpg 1 283 83 282 282
