0001_0053_0118_0263_0263.jpg 1 53 118 263 263
0002_0115_0192_0239_0239.jpg 1 115 192 239 239
0003_0466_0053_0079_0079.jpg 1 466 53 79 79
0004_0130_0245_0107_0107.jpg 1 130 245 107 107
0005_0414_0227_0177_0177.jpg 1 414 227 177 177
0006_0034_0055_0103_0103.jpg 1 34 55 103 103
0007_0225_0133_0126_0126.jpg 1 225 133 126 126
0008_0091_0088_0100_0100.jpg 1 91 88 100 100
0009_0238_0192_0158_0158.jpg 1 238 192 158 158
0010_0033_0071_0063_0063.jpg 1 33 71 63 63
0011_0266_0217_0208_0208.jpg 1 266 217 208 208
0012_0107_0034_0123_0123.jpg 1 107 34 123 123
0013_0143_0116_0074_0074.jpg 1 143 116 74 74
0014_0137_0044_0125_0125.jpg 1 137 44 125 125
0015_0104_0037_0138_0138.jpg 1 104 37 138 138
0016_0156_0071_0215_0215.jpg 1 156 71 215 215
0017_0310_0229_0201_0201.jpg 1 310 229 201 201
0018_0117_0034_0139_0139.jpg 1 117 34 139 139
0019_0150_0041_0065_0065.jpg 1 150 41 65 65
0020_0032_0029_0125_0125.jpg 1 32 29 125 125
0021_0116_0051_0138_0138.jpg 1 116 51 138 138
0022_0039_0146_0063_0063.jpg 1 39 146 63 63
0023_0153_0198_0117_0117.jpg 1 153 198 117 117
0024_0230_0028_0290_0290.jpg 1 230 28 290 290
0025_0037_0093_0084_0084.jpg 1 37 93 84 84
0026_0042_0060_0303_0303.jpg 1 42 60 303 303
0027_0036_0045_0102_0102.jpg 1 36 45 102 102
0028_0342_0077_0231_0231.jpg 1 342 77 231 231
0029_0102_0181_0273_0273.jpg 1 102 181 273 273
0030_0026_0017_0102_0102.jpg 1 26 17 102 102
0031_0204_0034_0046_0046.jpg 1 204 34 46 46
0032_0013_0034_0123_0123.jpg 1 13 34 123 123
0033_0219_0208_0189_0189.jpg 1 219 208 189 189
0034_0114_0057_0153_0153.jpg 1 114 57 153 153
0035_0176_0273_0223_0223.jpg 1 176 273 223 223
0036_0106_0182_0230_0230.jpg 1 106 182 230 230
0037_0147_0147_0033_0033.jpg 1 147 147 33 33
0038_0098_0071_0064_0064.jpg 1 98 71 64 64
0039_0021_0129_0049_0049.jpg 1 21 129 49 49
0040_0118_0186_0058_0058.jpg 1 118 186 58 58
0041_0300_0156_0040_0040.jpg 1 300 156 40 40
0042_0160_0089_0038_0038.jpg 1 160 89 38 38
0043_0047_0123_0056_0056.jpg 1 47 123 56 56
0044_0037_0113_0084_0084.jpg 1 37 113 84 84
0045_0021_0074_0068_0068.jpg 1 21 74 68 68
0046_0171_0124_0064_0064.jpg 1 171 124 64 64
0047_0100_0084_0109_0109.jpg 1 100 84 109 109
0048_0130_0316_0279_0279.jpg 1 130 316 279 279
0049_0111_0080_0054_0054.jpg 1 111 80 54 54
0050_0217_0125_0296_0296.jpg 1 217 125 296 296
0051_0098_0253_0074_0074.jpg 1 98 253 74 74
0052_0101_0078_0147_0147.jpg 1 101 78 147 147
0053_0367_0201_0186_0186.jpg 1 367 201 186 186
0054_0067_0114_0280_0280.jpg 1 67 114 280 280
0055_0392_0049_0030_0030.jpg 1 392 49 30 30
