0001_0204_0046_0268_0268.jpg 1 204 46 268 268
0002_0414_0161_0114_0114.jpg 1 414 161 114 114
0003_0103_0205_0134_0134.jpg 1 103 205 134 134
0004_0076_0065_0051_0051.jpg 1 76 65 51 51
0005_0162_0032_0076_0076.jpg 1 162 32 76 76
0006_0307_0075_0117_0117.jpg 1 307 75 117 117
0007_0149_0119_0083_0083.jpg 1 149 119 83 83
0008_0333_0185_0033_0033.jpg 1 333 185 33 33
0009_0087_0091_0319_0319.jpg 1 87 91 319 319
0010_0076_0041_0129_0129.jpg 1 76 41 129 129
0011_0131_0027_0129_0129.jpg 1 131 27 129 129
0012_0153_0202_0236_0236.jpg 1 153 202 236 236
0013_0242_0065_0157_0157.jpg 1 242 65 157 157
0014_0142_0052_0102_0102.jpg 1 142 52 102 102
0015_0144_0059_0210_0210.jpg 1 144 59 210 210
0016_0031_0087_0083_0083.jpg 1 31 87 83 83
0017_0034_0073_0069_0069.jpg 1 34 73 69 69
0018_0291_0121_0237_0237.jpg 1 291 121 237 237
0019_0239_0234_0158_0158.jpg 1 239 234 158 158
0020_0226_0322_0075_0075.jpg 1 226 322 75 75
0021_0340_0281_0120_0120.jpg 1 340 281 120 120
0022_0157_0036_0158_0158.jpg 1 157 36 158 158
0023_0100_0233_0174_0174.jpg 1 100 233 174 174
0024_0151_0038_0089_0089.jpg 1 151 38 89 89
0025_0059_0030_0105_0105.jpg 1 59 30 105 105
0026_0049_0106_0068_0068.jpg 1 49 106 68 68
0027_0163_0216_0289_0289.jpg 1 163 216 289 289
0028_0063_0125_0052_0052.jpg 1 63 125 52 52
0029_0114_0136_0025_0025.jpg 1 114 136 25 25
0030_0300_0255_0081_0081.jpg 1 300 255 81 81
0031_0166_0064_0134_0134.jpg 1 166 64 134 134
0032_0366_0171_0211_0211.jpg 1 366 171 211 211
0033_0344_0313_0048_0048.jpg 1 344 313 48 48
0034_0089_0050_0024_0024.jpg 1 89 50 24 24
0035_0033_0285_0210_0210.jpg 1 33 285 210 210
0036_0273_0334_0060_0060.jpg 1 273 334 60 60
0037_0126_0121_0211_0211.jpg 1 126 121 211 211
0038_0201_0248_0187_0187.jpg 1 201 248 187 187
0039_0187_0075_0332_0332.jpg 1 187 75 332 332
0040_0289_0218_0023_0023.jpg 1 289 218 23 23
0041_0085_0178_0173_0173.jpg 1 85 178 173 173
0042_0193_0173_0179_0179.jpg 1 193 173 179 179
0043_0089_0159_0159_0159.jpg 1 89 159 159 159
0044_0081_0082_0115_0115.jpg 1 81 82 115 115
0045_0488_0224_0084_0084.jpg 1 488 224 84 84
0046_0350_0075_0050_0050.jpg 1 350 75 50 50
0047_0498_0322_0056_0056.jpg 1 498 322 56 56
0048_0243_0096_0059_0059.jpg 1 243 96 59 59
0049_0067_0084_0041_0041.jpg 1 67 84 41 41
0050_0126_0058_0066_0066.jpg 1 126 58 66 66
0051_0281_0066_0101_0101.jpg 1 281 66 101 101
0052_0222_0150_0152_0152.jpg 1 222 150 152 152
0053_0137_0050_0042_0042.jpg 1 137 50 42 42
0054_0483_0260_0097_0097.jpg 1 483 260 97 97
0055_0048_0299_0232_0232.jpg 1 48 299 232 232
