0001_0293_0121_0258_0258.jpg 1 293 121 258 258
0002_0144_0099_0068_0068.jpg 1 144 99 68 68
0003_0113_0125_0127_0127.jpg 1 113 125 127 127
0004_0009_0144_0073_0073.jpg 1 9 144 73 73
0005_0197_0370_0204_0204.jpg 1 197 370 204 204
0006_0125_0056_0060_0060.jpg 1 125 56 60 60
0007_0027_0020_0073_0073.jpg 1 27 20 73 73
0008_0129_0071_0083_0083.jpg 1 129 71 83 83
0009_0240_0141_0030_0030.jpg 1 240 141 30 30
0010_0051_0115_0264_0264.jpg 1 51 115 264 264
0011_0130_0120_0099_0099.jpg 1 130 120 99 99
0012_0230_0100_0303_0303.jpg 1 230 100 303 303
0013_0077_0189_0146_0146.jpg 1 77 189 146 146
0014_0051_0023_0033_0033.jpg 1 51 23 33 33
0015_0039_0087_0134_0134.jpg 1 39 87 134 134
0016_0174_0075_0108_0108.jpg 1 174 75 108 108
0017_0195_0172_0138_0138.jpg 1 195 172 138 138
0018_0060_0240_0203_0203.jpg 1 60 240 203 203
0019_0408_0251_0117_0117.jpg 1 408 251 117 117
0020_0028_0060_0027_0027.jpg 1 28 60 27 27
0021_0299_0082_0174_0174.jpg 1 299 82 174 174
0022_0306_0145_0254_0254.jpg 1 306 145 254 254
0023_0168_0344_0068_0068.jpg 1 168 344 68 68
0024_0179_0057_0052_0052.jpg 1 179 57 52 52
0025_0122_0159_0055_0055.jpg 1 122 159 55 55
0026_0076_0139_0309_0309.jpg 1 76 139 309 309
0027_0104_0083_0078_0078.jpg 1 104 83 78 78
0028_0124_0201_0056_0056.jpg 1 124 201 56 56
0029_0058_0012_0078_0078.jpg 1 58 12 78 78
0030_0080_0057_0179_0179.jpg 1 80 57 179 179
0031_0067_0133_0207_0207.jpg 1 67 133 207 207
0032_0117_0064_0314_0314.jpg 1 117 64 314 314
0033_0083_0087_0084_0084.jpg 1 83 87 84 84
0034_0219_0042_0134_0134.jpg 1 219 42 134 134
0035_0084_0033_0077_0077.jpg 1 84 33 77 77
0036_0095_0093_0061_0061.jpg 1 95 93 61 61
0037_0050_0146_0072_0072.jpg 1 50 146 72 72
0038_0228_0311_0080_0080.jpg 1 228 311 80 80
0039_0072_0082_0142_0142.jpg 1 72 82 142 142
0040_0216_0051_0192_0192.jpg 1 216 51 192 192
0041_0037_0073_0119_0119.jpg 1 37 73 119 119
0042_0101_0055_0147_0147.jpg 1 101 55 147 147
0043_0266_0123_0270_0270.jpg 1 266 123 270 270
0044_0278_0101_0181_0181.jpg 1 278 101 181 181
0045_0109_0128_0091_0091.jpg 1 109 128 91 91
0046_0124_0044_0333_0333.jpg 1 124 44 333 333
0047_0216_0094_0067_0067.jpg 1 216 94 67 67
0048_0138_0106_0104_0104.jpg 1 138 106 104 104
0049_0124_0026_0240_0240.jpg 1 124 26 240 240
0050_0127_0130_0276_0276.jpg 1 127 130 276 276
0051_0226_0095_0025_0025.jpg 1 226 95 25 25
0052_0040_0147_0233_0233.jpg 1 40 147 233 233
0053_0026_0025_0088_0088.jpg 1 26 25 88 88
0054_0166_0056_0069_0069.jpg 1 166 56 69 69
0055_0026_0035_0061_0061.jpg 1 26 35 61 61
