0001_0248_0157_0258_0258.jpg 1 248 157 258 258
0002_0044_0092_0042_0042.jpg 1 44 92 42 42
0003_0222_0068_0039_0039.jpg 1 222 68 39 39
0004_0133_0065_0089_0089.jpg 1 133 65 89 89
0005_0131_0085_0103_0103.jpg 1 131 85 103 103
0006_0076_0068_0091_0091.jpg 1 76 68 91 91
0007_0073_0052_0082_0082.jpg 1 73 52 82 82
0008_0369_0221_0087_0087.jpg 1 369 221 87 87
0009_0069_0114_0033_0033.jpg 1 69 114 33 33
0010_0439_0275_0091_0091.jpg 1 439 275 91 91
0011_0087_0090_0173_0173.jpg 1 87 90 173 173
0012_0049_0045_0112_0112.jpg 1 49 45 112 112
0013_0065_0048_0150_0150.jpg 1 65 48 150 150
0014_0060_0124_0079_0079.jpg 1 60 124 79 79
0015_0138_0088_0127_0127.jpg 1 138 88 127 127
0016_0195_0049_0100_0100.jpg 1 195 49 100 100
0017_0134_0337_0207_0207.jpg 1 134 337 207 207
0018_0122_0047_0295_0295.jpg 1 122 47 295 295
0019_0165_0257_0141_0141.jpg 1 165 257 141 141
0020_0353_0134_0093_0093.jpg 1 353 134 93 93
0021_0115_0095_0151_0151.jpg 1 115 95 151 151
0022_0184_0106_0086_0086.jpg 1 184 106 86 86
0023_0422_0082_0064_0064.jpg 1 422 82 64 64
0024_0382_0217_0066_0066.jpg 1 382 217 66 66
0025_0274_0092_0068_0068.jpg 1 274 92 68 68
0026_0499_0338_0076_0076.jpg 1 499 338 76 76
0027_0244_0358_0111_0111.jpg 1 244 358 111 111
0028_0073_0095_0084_0084.jpg 1 73 95 84 84
0029_0050_0042_0028_0028.jpg 1 50 42 28 28
0030_0403_0315_0034_0034.jpg 1 403 315 34 34
0031_0138_0016_0114_0114.jpg 1 138 16 114 114
0032_0227_0235_0065_0065.jpg 1 227 235 65 65
0033_0145_0059_0101_0101.jpg 1 145 59 101 101
0034_0494_0288_0045_0045.jpg 1 494 288 45 45
0035_0178_0503_0031_0031.jpg 1 178 503 31 31
0036_0203_0034_0062_0062.jpg 1 203 34 62 62
0037_0028_0029_0148_0148.jpg 1 28 29 148 148
0038_0177_0097_0054_0054.jpg 1 177 97 54 54
0039_0152_0188_0216_0216.jpg 1 152 188 216 216
0040_0047_0112_0077_0077.jpg 1 47 112 77 77
0041_0025_0073_0094_0094.jpg 1 25 73 94 94
0042_0196_0045_0058_0058.jpg 1 196 45 58 58
0043_0122_0116_0095_0095.jpg 1 122 116 95 95
0044_0361_0141_0178_0178.jpg 1 361 141 178 178
0045_0221_0048_0212_0212.jpg 1 221 48 212 212
0046_0176_0089_0106_0106.jpg 1 176 89 106 106
0047_0067_0077_0096_0096.jpg 1 67 77 96 96
0048_0359_0086_0168_0168.jpg 1 359 86 168 168
0049_0128_0127_0176_0176.jpg 1 128 127 176 176
0050_0034_0028_0046_0046.jpg 1 34 28 46 46
0051_0147_0126_0024_0024.jpg 1 147 126 24 24
0052_0099_0117_0092_0092.jpg 1 99 117 92 92
0053_0047_0157_0235_0235.jpg 1 47 157 235 235
0054_0417_0034_0162_0162.jpg 1 417 34 162 162
0055_0242_0042_0261_0261.jpg 1 242 42 261 261
