0001_0083_0271_0083_0083.jpg 1 83 271 83 83
0002_0129_0123_0217_0217.jpg 1 129 123 217 217
0003_0027_0022_0023_0023.jpg 1 27 22 23 23
0004_0088_0044_0137_0137.jpg 1 88 44 137 137
0005_0134_0121_0031_0031.jpg 1 134 121 31 31
0006_0135_0115_0039_0039.jpg 1 135 115 39 39
0007_0424_0165_0044_0044.jpg 1 424 165 44 44
0008_0136_0035_0146_0146.jpg 1 136 35 146 146
0009_0372_0394_0065_0065.jpg 1 372 394 65 65
0010_0233_0309_0079_0079.jpg 1 233 309 79 79
0011_0026_0012_0120_0120.jpg 1 26 12 120 120
0012_0056_0048_0274_0274.jpg 1 56 48 274 274
0013_0361_0041_0080_0080.jpg 1 361 41 80 80
0014_0123_0070_0259_0259.jpg 1 123 70 259 259
0015_0169_0061_0101_0101.jpg 1 169 61 101 101
0016_0075_0015_0332_0332.jpg 1 75 15 332 332
0017_0023_0094_0065_0065.jpg 1 23 94 65 65
0018_0129_0029_0063_0063.jpg 1 129 29 63 63
0019_0037_0042_0104_0104.jpg 1 37 42 104 104
0020_0113_0096_0097_0097.jpg 1 113 96 97 97
0021_0174_0063_0105_0105.jpg 1 174 63 105 105
0022_0037_0121_0055_0055.jpg 1 37 121 55 55
0023_0254_0111_0146_0146.jpg 1 254 111 146 146
0024_0044_0073_0119_0119.jpg 1 44 73 119 119
0025_0071_0058_0101_0101.jpg 1 71 58 101 101
0026_0176_0068_0255_0255.jpg 1 176 68 255 255
0027_0110_0086_0141_0141.jpg 1 110 86 141 141
0028_0196_0414_0154_0154.jpg 1 196 414 154 154
0029_0247_0053_0042_0042.jpg 1 247 53 42 42
0030_0117_0235_0179_0179.jpg 1 117 235 179 179
0031_0173_0068_0328_0328.jpg 1 173 68 328 328
0032_0187_0004_0057_0057.jpg 1 187 4 57 57
0033_0056_0064_0040_0040.jpg 1 56 64 40 40
0034_0263_0200_0107_0107.jpg 1 263 200 107 107
0035_0286_0036_0267_0267.jpg 1 286 36 267 267
0036_0059_0031_0050_0050.jpg 1 59 31 50 50
0037_0284_0187_0181_0181.jpg 1 284 187 181 181
0038_0023_0030_0129_0129.jpg 1 23 30 129 129
0039_0067_0023_0033_0033.jpg 1 67 23 33 33
0040_0058_0042_0050_0050.jpg 1 58 42 50 50
0041_0299_0030_0223_0223.jpg 1 299 30 223 223
0042_0016_0073_0078_0078.jpg 1 16 73 78 78
0043_0064_0028_0137_0137.jpg 1 64 28 137 137
0044_0066_0153_0046_0046.jpg 1 66 153 46 46
0045_0218_0170_0213_0213.jpg 1 218 170 213 213
0046_0029_0058_0099_0099.jpg 1 29 58 99 99
0047_0450_0098_0096_0096.jpg 1 450 98 96 96
0048_0133_0043_0077_0077.jpg 1 133 43 77 77
0049_0156_0033_0319_0319.jpg 1 156 33 319 319
0050_0064_0087_0107_0107.jpg 1 64 87 107 107
0051_0204_0051_0064_0064.jpg 1 204 51 64 64
0052_0074_0025_0151_0151.jpg 1 74 25 151 151
0053_0031_0020_0077_0077.jpg 1 31 20 77 77
0054_0236_0067_0034_0034.jpg 1 236 67 34 34
0055_0190_0104_0056_0056.jpg 1 190 104 56 56
0056_0079_0124_0080_0080.jpg 1 79 124 80 80
0057_0126_0133_0090_0090.jpg 1 126 133 90 90
0058_0133_0067_0062_0062.jpg 1 133 67 62 62
0059_0143_0115_0107_0107.jpg 1 143 115 107 107
0060_0398_0140_0162_0162.jpg 1 398 140 162 162
0061_0163_0072_0329_0329.jpg 1 163 72 329 329
0062_0352_0053_0164_0164.jpg 1 352 53 164 164
0063_0031_0099_0106_0106.jpg 1 31 99 106 106
0064_0047_0158_0241_0241.jpg 1 47 158 241 241
