0001_0372_0242_0176_0176.jpg 1 372 242 176 176
0002_0121_0068_0045_0045.jpg 1 121 68 45 45
0003_0076_0091_0064_0064.jpg 1 76 91 64 64
0004_0026_0156_0060_0060.jpg 1 26 156 60 60
0005_0182_0049_0305_0305.jpg 1 182 49 305 305
0006_0061_0016_0140_0140.jpg 1 61 16 140 140
0007_0035_0043_0108_0108.jpg 1 35 43 108 108
0008_0170_0188_0155_0155.jpg 1 170 188 155 155
0009_0030_0098_0030_0030.jpg 1 30 98 30 30
0010_0064_0180_0053_0053.jpg 1 64 180 53 53
0011_0253_0105_0291_0291.jpg 1 253 105 291 291
0012_0188_0140_0077_0077.jpg 1 188 140 77 77
0013_0309_0351_0034_0034.jpg 1 309 351 34 34
0014_0165_0087_0074_0074.jpg 1 165 87 74 74
0015_0132_0038_0064_0064.jpg 1 132 38 64 64
0016_0062_0254_0170_0170.jpg 1 62 254 170 170
0017_0082_0318_0189_0189.jpg 1 82 318 189 189
0018_0279_0261_0073_0073.jpg 1 279 261 73 73
0019_0100_0035_0152_0152.jpg 1 100 35 152 152
0020_0083_0144_0055_0055.jpg 1 83 144 55 55
0021_0044_0262_0135_0135.jpg 1 44 262 135 135
0022_0093_0076_0255_0255.jpg 1 93 76 255 255
0023_0056_0128_0021_0021.jpg 1 56 128 21 21
0024_0191_0059_0098_0098.jpg 1 191 59 98 98
0025_0162_0123_0278_0278.jpg 1 162 123 278 278
0026_0098_0120_0059_0059.jpg 1 98 120 59 59
0027_0450_0189_0070_0070.jpg 1 450 189 70 70
0028_0036_0126_0314_0314.jpg 1 36 126 314 314
0029_0111_0042_0021_0021.jpg 1 111 42 21 21
0030_0131_0024_0148_0148.jpg 1 131 24 148 148
0031_0423_0183_0165_0165.jpg 1 423 183 165 165
0032_0042_0098_0039_0039.jpg 1 42 98 39 39
0033_0090_0145_0061_0061.jpg 1 90 145 61 61
0034_0064_0087_0082_0082.jpg 1 64 87 82 82
0035_0132_0036_0139_0139.jpg 1 132 36 139 139
0036_0174_0033_0075_0075.jpg 1 174 33 75 75
0037_0146_0034_0101_0101.jpg 1 146 34 101 101
0038_0372_0077_0199_0199.jpg 1 372 77 199 199
0039_0250_0217_0159_0159.jpg 1 250 217 159 159
0040_0057_0052_0142_0142.jpg 1 57 52 142 142
0041_0068_0095_0122_0122.jpg 1 68 95 122 122
0042_0299_0118_0272_0272.jpg 1 299 118 272 272
0043_0126_0335_0100_0100.jpg 1 126 335 100 100
0044_0057_0062_0090_0090.jpg 1 57 62 90 90
0045_0126_0062_0145_0145.jpg 1 126 62 145 145
0046_0009_0081_0072_0072.jpg 1 9 81 72 72
0047_0476_0111_0066_0066.jpg 1 476 111 66 66
0048_0103_0019_0145_0145.jpg 1 103 19 145 145
0049_0344_0249_0090_0090.jpg 1 344 249 90 90
0050_0187_0231_0158_0158.jpg 1 187 231 158 158
0051_0245_0084_0155_0155.jpg 1 245 84 155 155
0052_0071_0052_0119_0119.jpg 1 71 52 119 119
0053_0127_0082_0198_0198.jpg 1 127 82 198 198
0054_0057_0058_0058_0058.jpg 1 57 58 58 58
0055_0022_0179_0036_0036.jpg 1 22 179 36 36
0056_0032_0127_0090_0090.jpg 1 32 127 90 90
0057_0197_0271_0161_0161.jpg 1 197 271 161 161
0058_0030_0034_0049_0049.jpg 1 30 34 49 49
0059_0191_0186_0195_0195.jpg 1 191 186 195 195
0060_0155_0024_0057_0057.jpg 1 155 24 57 57
0061_0278_0235_0082_0082.jpg 1 278 235 82 82
0062_0178_0031_0026_0026.jpg 1 178 31 26 26
0063_0174_0068_0089_0089.jpg 1 174 68 89 89
0064_0054_0145_0291_0291.jpg 1 54 145 291 291
