0001_0298_0166_0119_0119.jpg 1 298 166 119 119
0002_0392_0048_0117_0117.jpg 1 392 48 117 117
0003_0071_0046_0160_0160.jpg 1 71 46 160 160
0004_0142_0023_0298_0298.jpg 1 142 23 298 298
0005_0139_0095_0070_0070.jpg 1 139 95 70 70
0006_0296_0158_0287_0287.jpg 1 296 158 287 287
0007_0070_0164_0045_0045.jpg 1 70 164 45 45
0008_0010_0044_0155_0155.jpg 1 10 44 155 155
0009_0179_0184_0020_0020.jpg 1 179 184 20 20
0010_0446_0077_0025_0025.jpg 1 446 77 25 25
0011_0065_0022_0068_0068.jpg 1 65 22 68 68
0012_0104_0269_0070_0070.jpg 1 104 269 70 70
0013_0056_0123_0083_0083.jpg 1 56 123 83 83
0014_0323_0045_0184_0184.jpg 1 323 45 184 184
0015_0240_0054_0219_0219.jpg 1 240 54 219 219
0016_0056_0118_0135_0135.jpg 1 56 118 135 135
0017_0012_0029_0114_0114.jpg 1 12 29 114 114
0018_0368_0126_0179_0179.jpg 1 368 126 179 179
0019_0043_0014_0110_0110.jpg 1 43 14 110 110
0020_0414_0210_0173_0173.jpg 1 414 210 173 173
0021_0142_0065_0332_0332.jpg 1 142 65 332 332
0022_0101_0186_0163_0163.jpg 1 101 186 163 163
0023_0059_0175_0023_0023.jpg 1 59 175 23 23
0024_0127_0170_0032_0032.jpg 1 127 170 32 32
0025_0323_0390_0038_0038.jpg 1 323 390 38 38
0026_0185_0034_0028_0028.jpg 1 185 34 28 28
0027_0217_0158_0164_0164.jpg 1 217 158 164 164
0028_0178_0065_0154_0154.jpg 1 178 65 154 154
0029_0088_0112_0068_0068.jpg 1 88 112 68 68
0030_0311_0355_0045_0045.jpg 1 311 355 45 45
0031_0179_0150_0066_0066.jpg 1 179 150 66 66
0032_0336_0110_0092_0092.jpg 1 336 110 92 92
0033_0126_0114_0076_0076.jpg 1 126 114 76 76
0034_0051_0118_0052_0052.jpg 1 51 118 52 52
0035_0177_0078_0116_0116.jpg 1 177 78 116 116
0036_0228_0202_0252_0252.jpg 1 228 202 252 252
0037_0123_0031_0271_0271.jpg 1 123 31 271 271
0038_0314_0284_0049_0049.jpg 1 314 284 49 49
0039_0135_0045_0034_0034.jpg 1 135 45 34 34
0040_0070_0039_0043_0043.jpg 1 70 39 43 43
0041_0010_0076_0109_0109.jpg 1 10 76 109 109
0042_0035_0060_0135_0135.jpg 1 35 60 135 135
0043_0081_0212_0234_0234.jpg 1 81 212 234 234
0044_0108_0049_0070_0070.jpg 1 108 49 70 70
0045_0222_0401_0193_0193.jpg 1 222 401 193 193
0046_0405_0193_0167_0167.jpg 1 405 193 167 167
0047_0184_0134_0253_0253.jpg 1 184 134 253 253
0048_0156_0053_0100_0100.jpg 1 156 53 100 100
0049_0167_0363_0199_0199.jpg 1 167 363 199 199
0050_0265_0127_0089_0089.jpg 1 265 127 89 89
0051_0101_0020_0240_0240.jpg 1 101 20 240 240
0052_0103_0056_0120_0120.jpg 1 103 56 120 120
0053_0187_0395_0034_0034.jpg 1 187 395 34 34
0054_0171_0320_0215_0215.jpg 1 171 320 215 215
0055_0175_0115_0145_0145.jpg 1 175 115 145 145
