0001_0331_0095_0260_0260.jpg 1 331 95 260 260
0002_0152_0093_0275_0275.jpg 1 152 93 275 275
0003_0025_0015_0135_0135.jpg 1 25 15 135 135
0004_0136_0061_0126_0126.jpg 1 136 61 126 126
0005_0241_0088_0258_0258.jpg 1 241 88 258 258
0006_0188_0193_0150_0150.jpg 1 188 193 150 150
0007_0055_0010_0167_0167.jpg 1 55 10 167 167
0008_0108_0074_0185_0185.jpg 1 108 74 185 185
0009_0136_0384_0052_0052.jpg 1 136 384 52 52
0010_0070_0006_0114_0114.jpg 1 70 6 114 114
0011_0181_0182_0244_0244.jpg 1 181 182 244 244
0012_0247_0077_0044_0044.jpg 1 247 77 44 44
0013_0089_0029_0156_0156.jpg 1 89 29 156 156
0014_0066_0233_0253_0253.jpg 1 66 233 253 253
0015_0306_0197_0152_0152.jpg 1 306 197 152 152
0016_0026_0091_0138_0138.jpg 1 26 91 138 138
0017_0289_0209_0215_0215.jpg 1 289 209 215 215
0018_0029_0027_0157_0157.jpg 1 29 27 157 157
0019_0048_0034_0148_0148.jpg 1 48 34 148 148
0020_0051_0047_0101_0101.jpg 1 51 47 101 101
0021_0128_0286_0094_0094.jpg 1 128 286 94 94
0022_0290_0184_0146_0146.jpg 1 290 184 146 146
0023_0139_0025_0061_0061.jpg 1 139 25 61 61
0024_0131_0038_0270_0270.jpg 1 131 38 270 270
0025_0398_0266_0165_0165.jpg 1 398 266 165 165
0026_0201_0099_0193_0193.jpg 1 201 99 193 193
0027_0061_0210_0183_0183.jpg 1 61 210 183 183
0028_0059_0079_0062_0062.jpg 1 59 79 62 62
0029_0072_0261_0168_0168.jpg 1 72 261 168 168
0030_0052_0228_0170_0170.jpg 1 52 228 170 170
0031_0039_0060_0079_0079.jpg 1 39 60 79 79
0032_0050_0101_0263_0263.jpg 1 50 101 263 263
0033_0334_0076_0249_0249.jpg 1 334 76 249 249
0034_0315_0186_0159_0159.jpg 1 315 186 159 159
0035_0203_0251_0179_0179.jpg 1 203 251 179 179
0036_0065_0085_0129_0129.jpg 1 65 85 129 129
0037_0167_0242_0111_0111.jpg 1 167 242 111 111
0038_0046_0040_0121_0121.jpg 1 46 40 121 121
0039_0008_0131_0060_0060.jpg 1 8 131 60 60
0040_0052_0171_0332_0332.jpg 1 52 171 332 332
0041_0066_0060_0157_0157.jpg 1 66 60 157 157
0042_0084_0147_0050_0050.jpg 1 84 147 50 50
0043_0466_0174_0023_0023.jpg 1 466 174 23 23
0044_0249_0081_0325_0325.jpg 1 249 81 325 325
0045_0341_0159_0194_0194.jpg 1 341 159 194 194
0046_0123_0132_0158_0158.jpg 1 123 132 158 158
0047_0459_0289_0091_0091.jpg 1 459 289 91 91
0048_0213_0143_0211_0211.jpg 1 213 143 211 211
0049_0299_0465_0026_0026.jpg 1 299 465 26 26
0050_0055_0316_0261_0261.jpg 1 55 316 261 261
0051_0075_0146_0037_0037.jpg 1 75 146 37 37
0052_0361_0452_0045_0045.jpg 1 361 452 45 45
0053_0021_0059_0079_0079.jpg 1 21 59 79 79
0054_0160_0027_0052_0052.jpg 1 160 27 52 52
0055_0163_0141_0264_0264.jpg 1 163 141 264 264
0056_0026_0022_0082_0082.jpg 1 26 22 82 82
0057_0183_0185_0142_0142.jpg 1 183 185 142 142
0058_0094_0042_0129_0129.jpg 1 94 42 129 129
0059_0482_0100_0067_0067.jpg 1 482 100 67 67
0060_0152_0019_0135_0135.jpg 1 152 19 135 135
0061_0320_0256_0076_0076.jpg 1 320 256 76 76
0062_0106_0038_0063_0063.jpg 1 106 38 63 63
0063_0176_0034_0065_0065.jpg 1 176 34 65 65
0064_0018_0036_0148_0148.jpg 1 18 36 148 148
