0001_0437_0241_0037_0037.jpg 1 437 241 37 37
0002_0188_0418_0128_0128.jpg 1 188 418 128 128
0003_0168_0112_0041_0041.jpg 1 168 112 41 41
0004_0181_0046_0092_0092.jpg 1 181 46 92 92
0005_0200_0054_0234_0234.jpg 1 200 54 234 234
0006_0251_0317_0032_0032.jpg 1 251 317 32 32
0007_0110_0156_0294_0294.jpg 1 110 156 294 294
0008_0171_0085_0037_0037.jpg 1 171 85 37 37
0009_0070_0155_0025_0025.jpg 1 70 155 25 25
0010_0143_0052_0148_0148.jpg 1 143 52 148 148
0011_0033_0040_0136_0136.jpg 1 33 40 136 136
0012_0051_0037_0091_0091.jpg 1 51 37 91 91
0013_0259_0050_0266_0266.jpg 1 259 50 266 266
0014_0168_0130_0056_0056.jpg 1 168 130 56 56
0015_0115_0070_0044_0044.jpg 1 115 70 44 44
0016_0081_0297_0114_0114.jpg 1 81 297 114 114
0017_0058_0024_0082_0082.jpg 1 58 24 82 82
0018_0029_0073_0122_0122.jpg 1 29 73 122 122
0019_0097_0111_0038_0038.jpg 1 97 111 38 38
0020_0131_0058_0098_0098.jpg 1 131 58 98 98
0021_0028_0056_0156_0156.jpg 1 28 56 156 156
0022_0096_0022_0114_0114.jpg 1 96 22 114 114
0023_0160_0070_0302_0302.jpg 1 160 70 302 302
0024_0300_0246_0169_0169.jpg 1 300 246 169 169
0025_0066_0033_0097_0097.jpg 1 66 33 97 97
0026_0329_0420_0108_0108.jpg 1 329 420 108 108
0027_0254_0097_0118_0118.jpg 1 254 97 118 118
0028_0121_0025_0095_0095.jpg 1 121 25 95 95
0029_0059_0100_0080_0080.jpg 1 59 100 80 80
0030_0208_0065_0304_0304.jpg 1 208 65 304 304
0031_0476_0213_0062_0062.jpg 1 476 213 62 62
0032_0264_0078_0100_0100.jpg 1 264 78 100 100
0033_0036_0007_0143_0143.jpg 1 36 7 143 143
0034_0011_0085_0096_0096.jpg 1 11 85 96 96
0035_0089_0026_0082_0082.jpg 1 89 26 82 82
0036_0107_0008_0109_0109.jpg 1 107 8 109 109
0037_0293_0302_0136_0136.jpg 1 293 302 136 136
0038_0339_0162_0159_0159.jpg 1 339 162 159 159
0039_0138_0077_0309_0309.jpg 1 138 77 309 309
0040_0157_0231_0214_0214.jpg 1 157 231 214 214
0041_0147_0084_0291_0291.jpg 1 147 84 291 291
0042_0176_0422_0166_0166.jpg 1 176 422 166 166
0043_0371_0198_0136_0136.jpg 1 371 198 136 136
0044_0025_0028_0057_0057.jpg 1 25 28 57 57
0045_0012_0094_0117_0117.jpg 1 12 94 117 117
0046_0067_0163_0187_0187.jpg 1 67 163 187 187
0047_0482_0316_0065_0065.jpg 1 482 316 65 65
0048_0247_0056_0315_0315.jpg 1 247 56 315 315
0049_0422_0143_0113_0113.jpg 1 422 143 113 113
0050_0020_0098_0090_0090.jpg 1 20 98 90 90
0051_0139_0088_0047_0047.jpg 1 139 88 47 47
0052_0030_0089_0101_0101.jpg 1 30 89 101 101
0053_0156_0089_0313_0313.jpg 1 156 89 313 313
0054_0067_0019_0127_0127.jpg 1 67 19 127 127
0055_0101_0019_0124_0124.jpg 1 101 19 124 124
0056_0231_0313_0022_0022.jpg 1 231 313 22 22
0057_0225_0080_0069_0069.jpg 1 225 80 69 69
0058_0094_0027_0103_0103.jpg 1 94 27 103 103
0059_0061_0340_0179_0179.jpg 1 61 340 179 179
0060_0232_0178_0240_0240.jpg 1 232 178 240 240
0061_0124_0091_0078_0078.jpg 1 124 91 78 78
0062_0104_0043_0335_0335.jpg 1 104 43 335 335
0063_0218_0306_0110_0110.jpg 1 218 306 110 110
0064_0041_0108_0023_0023.jpg 1 41 108 23 23
