0001_0294_0229_0131_0131.jpg 1 294 229 131 131
0002_0112_0106_0297_0297.jpg 1 112 106 297 297
0003_0113_0054_0180_0180.jpg 1 113 54 180 180
0004_0066_0071_0071_0071.jpg 1 66 71 71 71
0005_0082_0099_0089_0089.jpg 1 82 99 89 89
0006_0225_0161_0231_0231.jpg 1 225 161 231 231
0007_0114_0149_0225_0225.jpg 1 114 149 225 225
0008_0037_0326_0271_0271.jpg 1 37 326 271 271
0009_0076_0086_0327_0327.jpg 1 76 86 327 327
0010_0197_0046_0268_0268.jpg 1 197 46 268 268
0011_0060_0102_0114_0114.jpg 1 60 102 114 114
0012_0167_0463_0114_0114.jpg 1 167 463 114 114
0013_0123_0013_0099_0099.jpg 1 123 13 99 99
0014_0041_0310_0257_0257.jpg 1 41 310 257 257
0015_0067_0024_0314_0314.jpg 1 67 24 314 314
0016_0108_0076_0136_0136.jpg 1 108 76 136 136
0017_0294_0077_0242_0242.jpg 1 294 77 242 242
0018_0182_0029_0232_0232.jpg 1 182 29 232 232
0019_0089_0120_0053_0053.jpg 1 89 120 53 53
0020_0239_0187_0092_0092.jpg 1 239 187 92 92
0021_0198_0158_0221_0221.jpg 1 198 158 221 221
0022_0147_0421_0053_0053.jpg 1 147 421 53 53
0023_0017_0110_0070_0070.jpg 1 17 110 70 70
0024_0024_0118_0043_0043.jpg 1 24 118 43 43
0025_0475_0194_0020_0020.jpg 1 475 194 20 20
0026_0170_0058_0315_0315.jpg 1 170 58 315 315
0027_0277_0198_0053_0053.jpg 1 277 198 53 53
0028_0440_0106_0122_0122.jpg 1 440 106 122 122
0029_0066_0117_0071_0071.jpg 1 66 117 71 71
0030_0178_0244_0103_0103.jpg 1 178 244 103 103
0031_0153_0171_0215_0215.jpg 1 153 171 215 215
0032_0355_0152_0220_0220.jpg 1 355 152 220 220
0033_0101_0103_0033_0033.jpg 1 101 103 33 33
0034_0284_0230_0101_0101.jpg 1 284 230 101 101
0035_0355_0105_0126_0126.jpg 1 355 105 126 126
0036_0421_0102_0020_0020.jpg 1 421 102 20 20
0037_0311_0167_0147_0147.jpg 1 311 167 147 147
0038_0228_0226_0035_0035.jpg 1 228 226 35 35
0039_0384_0067_0093_0093.jpg 1 384 67 93 93
0040_0147_0211_0095_0095.jpg 1 147 211 95 95
0041_0522_0235_0027_0027.jpg 1 522 235 27 27
0042_0075_0027_0107_0107.jpg 1 75 27 107 107
0043_0134_0016_0132_0132.jpg 1 134 16 132 132
0044_0046_0049_0156_0156.jpg 1 46 49 156 156
0045_0151_0098_0086_0086.jpg 1 151 98 86 86
0046_0372_0177_0197_0197.jpg 1 372 177 197 197
0047_0326_0535_0039_0039.jpg 1 326 535 39 39
0048_0027_0028_0046_0046.jpg 1 27 28 46 46
0049_0015_0128_0084_0084.jpg 1 15 128 84 84
0050_0329_0269_0080_0080.jpg 1 329 269 80 80
0051_0261_0070_0076_0076.jpg 1 261 70 76 76
0052_0252_0242_0024_0024.jpg 1 252 242 24 24
0053_0164_0098_0286_0286.jpg 1 164 98 286 286
0054_0114_0030_0046_0046.jpg 1 114 30 46 46
0055_0031_0057_0111_0111.jpg 1 31 57 111 111
0056_0072_0075_0063_0063.jpg 1 72 75 63 63
0057_0326_0167_0122_0122.jpg 1 326 167 122 122
0058_0103_0109_0104_0104.jpg 1 103 109 104 104
0059_0126_0082_0292_0292.jpg 1 126 82 292 292
0060_0031_0075_0066_0066.jpg 1 31 75 66 66
0061_0315_0178_0215_0215.jpg 1 315 178 215 215
0062_0023_0045_0074_0074.jpg 1 23 45 74 74
0063_0072_0216_0089_0089.jpg 1 72 216 89 89
0064_0100_0243_0077_0077.jpg 1 100 243 77 77
