0001_0289_0217_0202_0202.jpg 1 289 217 202 202
0002_0316_0100_0231_0231.jpg 1 316 100 231 231
0003_0410_0315_0125_0125.jpg 1 410 315 125 125
0004_0156_0166_0023_0023.jpg 1 156 166 23 23
0005_0168_0035_0200_0200.jpg 1 168 35 200 200
0006_0205_0122_0303_0303.jpg 1 205 122 303 303
0007_0157_0249_0185_0185.jpg 1 157 249 185 185
0008_0111_0088_0330_0330.jpg 1 111 88 330 330
0009_0050_0121_0071_0071.jpg 1 50 121 71 71
0010_0406_0264_0109_0109.jpg 1 406 264 109 109
0011_0056_0121_0063_0063.jpg 1 56 121 63 63
0012_0040_0050_0079_0079.jpg 1 40 50 79 79
0013_0046_0145_0059_0059.jpg 1 46 145 59 59
0014_0209_0038_0218_0218.jpg 1 209 38 218 218
0015_0331_0235_0145_0145.jpg 1 331 235 145 145
0016_0150_0029_0111_0111.jpg 1 150 29 111 111
0017_0086_0018_0085_0085.jpg 1 86 18 85 85
0018_0177_0356_0159_0159.jpg 1 177 356 159 159
0019_0162_0306_0082_0082.jpg 1 162 306 82 82
0020_0349_0390_0027_0027.jpg 1 349 390 27 27
0021_0132_0031_0083_0083.jpg 1 132 31 83 83
0022_0021_0016_0166_0166.jpg 1 21 16 166 166
0023_0026_0100_0103_0103.jpg 1 26 100 103 103
0024_0498_0054_0039_0039.jpg 1 498 54 39 39
0025_0092_0303_0140_0140.jpg 1 92 303 140 140
0026_0092_0084_0333_0333.jpg 1 92 84 333 333
0027_0090_0202_0125_0125.jpg 1 90 202 125 125
0028_0081_0160_0049_0049.jpg 1 81 160 49 49
0029_0012_0042_0082_0082.jpg 1 12 42 82 82
0030_0278_0249_0049_0049.jpg 1 278 249 49 49
0031_0294_0150_0243_0243.jpg 1 294 150 243 243
0032_0156_0245_0131_0131.jpg 1 156 245 131 131
0033_0067_0025_0059_0059.jpg 1 67 25 59 59
0034_0017_0052_0139_0139.jpg 1 17 52 139 139
0035_0130_0029_0144_0144.jpg 1 130 29 144 144
0036_0241_0162_0118_0118.jpg 1 241 162 118 118
0037_0187_0150_0077_0077.jpg 1 187 150 77 77
0038_0366_0164_0150_0150.jpg 1 366 164 150 150
0039_0081_0044_0059_0059.jpg 1 81 44 59 59
0040_0031_0149_0072_0072.jpg 1 31 149 72 72
0041_0285_0071_0223_0223.jpg 1 285 71 223 223
0042_0293_0067_0273_0273.jpg 1 293 67 273 273
0043_0415_0263_0140_0140.jpg 1 415 263 140 140
0044_0140_0087_0028_0028.jpg 1 140 87 28 28
0045_0397_0197_0094_0094.jpg 1 397 197 94 94
0046_0179_0027_0059_0059.jpg 1 179 27 59 59
0047_0187_0081_0093_0093.jpg 1 187 81 93 93
0048_0064_0089_0062_0062.jpg 1 64 89 62 62
0049_0295_0106_0310_0310.jpg 1 295 106 310 310
0050_0262_0114_0273_0273.jpg 1 262 114 273 273
0051_0209_0032_0036_0036.jpg 1 209 32 36 36
0052_0482_0163_0088_0088.jpg 1 482 163 88 88
0053_0114_0189_0269_0269.jpg 1 114 189 269 269
0054_0287_0076_0157_0157.jpg 1 287 76 157 157
0055_0120_0085_0029_0029.jpg 1 120 85 29 29
0056_0161_0105_0202_0202.jpg 1 161 105 202 202
0057_0295_0210_0183_0183.jpg 1 295 210 183 183
0058_0150_0075_0035_0035.jpg 1 150 75 35 35
0059_0040_0068_0119_0119.jpg 1 40 68 119 119
0060_0080_0168_0232_0232.jpg 1 80 168 232 232
0061_0230_0142_0064_0064.jpg 1 230 142 64 64
0062_0424_0186_0043_0043.jpg 1 424 186 43 43
0063_0099_0047_0173_0173.jpg 1 99 47 173 173
0064_0423_0263_0085_0085.jpg 1 423 263 85 85
0001_0270_0084_0328_0328.jpg 1 270 84 328 328
0002_0109_0065_0155_0155.jpg 1 109 65 155 155
0003_0226_0078_0085_0085.jpg 1 226 78 85 85
0004_0291_0101_0306_0306.jpg 1 291 101 306 306
0005_0404_0173_0023_0023.jpg 1 404 173 23 23
0006_0025_0093_0122_0122.jpg 1 25 93 122 122
0007_0238_0228_0115_0115.jpg 1 238 228 115 115
0008_0246_0169_0229_0229.jpg 1 246 169 229 229
0009_0015_0052_0132_0132.jpg 1 15 52 132 132
0010_0043_0111_0238_0238.jpg 1 43 111 238 238
0011_0272_0103_0093_0093.jpg 1 272 103 93 93
0012_0173_0141_0063_0063.jpg 1 173 141 63 63
0013_0101_0038_0064_0064.jpg 1 101 38 64 64
0014_0142_0081_0305_0305.jpg 1 142 81 305 305
0015_0118_0414_0042_0042.jpg 1 118 414 42 42
0016_0122_0070_0309_0309.jpg 1 122 70 309 309
0017_0165_0165_0258_0258.jpg 1 165 165 258 258
0018_0066_0049_0097_0097.jpg 1 66 49 97 97
0019_0126_0089_0137_0137.jpg 1 126 89 137 137
0020_0144_0075_0254_0254.jpg 1 144 75 254 254
0021_0058_0021_0129_0129.jpg 1 58 21 129 129
0022_0200_0107_0180_0180.jpg 1 200 107 180 180
0023_0167_0112_0037_0037.jpg 1 167 112 37 37
0024_0217_0045_0315_0315.jpg 1 217 45 315 315
0025_0074_0137_0042_0042.jpg 1 74 137 42 42
0026_0157_0073_0089_0089.jpg 1 157 73 89 89
0027_0091_0064_0043_0043.jpg 1 91 64 43 43
0028_0420_0084_0152_0152.jpg 1 420 84 152 152
0029_0203_0129_0244_0244.jpg 1 203 129 244 244
0030_0026_0072_0088_0088.jpg 1 26 72 88 88
0031_0014_0045_0140_0140.jpg 1 14 45 140 140
0032_0107_0166_0030_0030.jpg 1 107 166 30 30
0033_0092_0118_0327_0327.jpg 1 92 118 327 327
0034_0043_0145_0248_0248.jpg 1 43 145 248 248
0035_1463_0305_0526_0526.jpg 1 1463 305 526 526
0036_0039_0082_0115_0115.jpg 1 39 82 115 115
0037_0026_0061_0096_0096.jpg 1 26 61 96 96
0038_0346_0076_0208_0208.jpg 1 346 76 208 208
0039_0102_0124_0021_0021.jpg 1 102 124 21 21
0040_0142_0073_0285_0285.jpg 1 142 73 285 285
0041_0072_0023_0158_0158.jpg 1 72 23 158 158
0042_0273_0105_0165_0165.jpg 1 273 105 165 165
0043_0126_0195_0112_0112.jpg 1 126 195 112 112
0044_0067_0035_0024_0024.jpg 1 67 35 24 24
0045_0073_0084_0204_0204.jpg 1 73 84 204 204
0046_0144_0185_0253_0253.jpg 1 144 185 253 253
0047_0344_0082_0233_0233.jpg 1 344 82 233 233
0048_0241_0254_0178_0178.jpg 1 241 254 178 178
0049_0229_0108_0209_0209.jpg 1 229 108 209 209
0050_0498_0180_0022_0022.jpg 1 498 180 22 22
0051_0242_0142_0179_0179.jpg 1 242 142 179 179
0052_0059_0041_0109_0109.jpg 1 59 41 109 109
0053_0088_0076_0241_0241.jpg 1 88 76 241 241
0054_0291_0048_0289_0289.jpg 1 291 48 289 289
0055_0237_0158_0290_0290.jpg 1 237 158 290 290
0056_0027_0027_0136_0136.jpg 1 27 27 136 136
0057_0352_0241_0110_0110.jpg 1 352 241 110 110
0058_0179_0181_0258_0258.jpg 1 179 181 258 258
0059_0069_0142_0080_0080.jpg 1 69 142 80 80
0060_0041_0035_0061_0061.jpg 1 41 35 61 61
0061_0100_0038_0047_0047.jpg 1 100 38 47 47
0062_0029_0063_0162_0162.jpg 1 29 63 162 162
0063_0078_0151_0129_0129.jpg 1 78 151 129 129
0064_0139_0127_0224_0224.jpg 1 139 127 224 224
0001_0384_0250_0106_0106.jpg 1 384 250 106 106
0002_0109_0074_0080_0080.jpg 1 109 74 80 80
0003_0084_0099_0079_0079.jpg 1 84 99 79 79
0004_0165_0044_0126_0126.jpg 1 165 44 126 126
0005_0095_0080_0136_0136.jpg 1 95 80 136 136
0006_0088_0015_0106_0106.jpg 1 88 15 106 106
0007_0115_0083_0040_0040.jpg 1 115 83 40 40
0008_0016_0037_0043_0043.jpg 1 16 37 43 43
0009_0035_0130_0239_0239.jpg 1 35 130 239 239
0010_0090_0094_0110_0110.jpg 1 90 94 110 110
0011_0153_0251_0116_0116.jpg 1 153 251 116 116
0012_0084_0056_0149_0149.jpg 1 84 56 149 149
0013_0278_0042_0078_0078.jpg 1 278 42 78 78
0014_0177_0115_0149_0149.jpg 1 177 115 149 149
0015_0056_0067_0096_0096.jpg 1 56 67 96 96
0016_0062_0052_0079_0079.jpg 1 62 52 79 79
0017_0183_0020_0242_0242.jpg 1 183 20 242 242
0018_0083_0107_0072_0072.jpg 1 83 107 72 72
0019_0010_0018_0119_0119.jpg 1 10 18 119 119
0020_0108_0114_0143_0143.jpg 1 108 114 143 143
0021_0371_0036_0198_0198.jpg 1 371 36 198 198
0022_0054_0078_0147_0147.jpg 1 54 78 147 147
0023_0316_0126_0229_0229.jpg 1 316 126 229 229
0024_0064_0234_0214_0214.jpg 1 64 234 214 214
0025_0111_0045_0157_0157.jpg 1 111 45 157 157
0026_0036_0083_0053_0053.jpg 1 36 83 53 53
0027_0036_0043_0144_0144.jpg 1 36 43 144 144
0028_0018_0028_0110_0110.jpg 1 18 28 110 110
0029_0114_0069_0105_0105.jpg 1 114 69 105 105
0030_0083_0072_0023_0023.jpg 1 83 72 23 23
0031_0084_0097_0075_0075.jpg 1 84 97 75 75
0032_0092_0064_0068_0068.jpg 1 92 64 68 68
0033_0080_0091_0034_0034.jpg 1 80 91 34 34
0034_0261_0236_0056_0056.jpg 1 261 236 56 56
0035_0220_0056_0059_0059.jpg 1 220 56 59 59
0036_0032_0153_0033_0033.jpg 1 32 153 33 33
0037_0033_0035_0119_0119.jpg 1 33 35 119 119
0038_0263_0112_0084_0084.jpg 1 263 112 84 84
0039_0321_0214_0126_0126.jpg 1 321 214 126 126
0040_0094_0098_0093_0093.jpg 1 94 98 93 93
0041_0157_0026_0331_0331.jpg 1 157 26 331 331
0042_0088_0041_0079_0079.jpg 1 88 41 79 79
0043_0088_0198_0241_0241.jpg 1 88 198 241 241
0044_0315_0176_0182_0182.jpg 1 315 176 182 182
0045_0068_0039_0139_0139.jpg 1 68 39 139 139
0046_0057_0332_0263_0263.jpg 1 57 332 263 263
0047_0370_0096_0203_0203.jpg 1 370 96 203 203
0048_0280_0128_0282_0282.jpg 1 280 128 282 282
0049_0059_0077_0147_0147.jpg 1 59 77 147 147
0050_0053_0032_0089_0089.jpg 1 53 32 89 89
0051_0120_0020_0069_0069.jpg 1 120 20 69 69
0052_0270_0118_0069_0069.jpg 1 270 118 69 69
0053_0014_0075_0084_0084.jpg 1 14 75 84 84
0054_0435_0087_0117_0117.jpg 1 435 87 117 117
0055_0050_0072_0269_0269.jpg 1 50 72 269 269
0056_0083_0359_0080_0080.jpg 1 83 359 80 80
0057_0060_0116_0050_0050.jpg 1 60 116 50 50
0058_0353_0155_0230_0230.jpg 1 353 155 230 230
0059_0132_0044_0097_0097.jpg 1 132 44 97 97
0060_0437_0265_0043_0043.jpg 1 437 265 43 43
0061_0156_0135_0183_0183.jpg 1 156 135 183 183
0062_0100_0227_0193_0193.jpg 1 100 227 193 193
0063_0353_0089_0116_0116.jpg 1 353 89 116 116
0064_0135_0124_0274_0274.jpg 1 135 124 274 274
0001_0354_0139_0091_0091.jpg 1 354 139 91 91
0002_0038_0024_0167_0167.jpg 1 38 24 167 167
0003_0073_0035_0088_0088.jpg 1 73 35 88 88
0004_0113_0030_0205_0205.jpg 1 113 30 205 205
0005_0278_0221_0029_0029.jpg 1 278 221 29 29
0006_0033_0072_0129_0129.jpg 1 33 72 129 129
0007_0165_0061_0084_0084.jpg 1 165 61 84 84
0008_0327_0074_0131_0131.jpg 1 327 74 131 131
0009_0092_0063_0054_0054.jpg 1 92 63 54 54
0010_0130_0118_0178_0178.jpg 1 130 118 178 178
0011_0034_0090_0123_0123.jpg 1 34 90 123 123
0012_0040_0115_0046_0046.jpg 1 40 115 46 46
0013_0086_0049_0122_0122.jpg 1 86 49 122 122
0014_0259_0281_0084_0084.jpg 1 259 281 84 84
0015_0061_0031_0060_0060.jpg 1 61 31 60 60
0016_0129_0229_0074_0074.jpg 1 129 229 74 74
0017_0108_0072_0144_0144.jpg 1 108 72 144 144
0018_0136_0126_0049_0049.jpg 1 136 126 49 49
0019_0046_0189_0265_0265.jpg 1 46 189 265 265
0020_0018_0117_0099_0099.jpg 1 18 117 99 99
0021_0047_0030_0049_0049.jpg 1 47 30 49 49
0022_0321_0157_0118_0118.jpg 1 321 157 118 118
0023_0280_0106_0070_0070.jpg 1 280 106 70 70
0024_0079_0125_0175_0175.jpg 1 79 125 175 175
0025_0206_0078_0083_0083.jpg 1 206 78 83 83
0026_0052_0063_0047_0047.jpg 1 52 63 47 47
0027_0138_0456_0103_0103.jpg 1 138 456 103 103
0028_0329_0069_0267_0267.jpg 1 329 69 267 267
0029_0049_0040_0083_0083.jpg 1 49 40 83 83
0030_0145_0213_0178_0178.jpg 1 145 213 178 178
0031_0146_0126_0076_0076.jpg 1 146 126 76 76
0032_0151_0066_0316_0316.jpg 1 151 66 316 316
0033_0021_0041_0126_0126.jpg 1 21 41 126 126
0034_0084_0096_0093_0093.jpg 1 84 96 93 93
0035_0365_0267_0170_0170.jpg 1 365 267 170 170
0036_0004_0116_0081_0081.jpg 1 4 116 81 81
0037_0343_0155_0142_0142.jpg 1 343 155 142 142
0038_0180_0064_0108_0108.jpg 1 180 64 108 108
0039_0060_0093_0108_0108.jpg 1 60 93 108 108
0040_0218_0268_0140_0140.jpg 1 218 268 140 140
0041_0055_0135_0260_0260.jpg 1 55 135 260 260
0042_0085_0331_0080_0080.jpg 1 85 331 80 80
0043_0484_0163_0091_0091.jpg 1 484 163 91 91
0044_0023_0020_0058_0058.jpg 1 23 20 58 58
0045_0273_0197_0126_0126.jpg 1 273 197 126 126
0046_0069_0073_0032_0032.jpg 1 69 73 32 32
0047_0289_0147_0300_0300.jpg 1 289 147 300 300
0048_0050_0048_0163_0163.jpg 1 50 48 163 163
0049_0063_0044_0117_0117.jpg 1 63 44 117 117
0050_0077_0031_0094_0094.jpg 1 77 31 94 94
0051_0276_0130_0055_0055.jpg 1 276 130 55 55
0052_0133_0030_0024_0024.jpg 1 133 30 24 24
0053_0076_0070_0040_0040.jpg 1 76 70 40 40
0054_0275_0181_0078_0078.jpg 1 275 181 78 78
0055_0033_0117_0055_0055.jpg 1 33 117 55 55
0056_0285_0093_0061_0061.jpg 1 285 93 61 61
0057_0406_0085_0087_0087.jpg 1 406 85 87 87
0058_0261_0349_0059_0059.jpg 1 261 349 59 59
0059_0074_0029_0088_0088.jpg 1 74 29 88 88
0060_0252_0091_0251_0251.jpg 1 252 91 251 251
0061_0174_0122_0227_0227.jpg 1 174 122 227 227
0062_0026_0046_0088_0088.jpg 1 26 46 88 88
0063_0057_0362_0191_0191.jpg 1 57 362 191 191
0064_0282_0077_0202_0202.jpg 1 282 77 202 202
0001_0227_0139_0184_0184.jpg 1 227 139 184 184
0002_0033_0016_0076_0076.jpg 1 33 16 76 76
0003_0117_0100_0326_0326.jpg 1 117 100 326 326
0004_0111_0255_0181_0181.jpg 1 111 255 181 181
0005_0022_0024_0110_0110.jpg 1 22 24 110 110
0006_0067_0231_0072_0072.jpg 1 67 231 72 72
0007_0404_0107_0115_0115.jpg 1 404 107 115 115
0008_0130_0254_0031_0031.jpg 1 130 254 31 31
0009_0394_0065_0102_0102.jpg 1 394 65 102 102
0010_0096_0146_0067_0067.jpg 1 96 146 67 67
0011_0083_0084_0027_0027.jpg 1 83 84 27 27
0012_0148_0046_0127_0127.jpg 1 148 46 127 127
0013_0282_0084_0200_0200.jpg 1 282 84 200 200
0014_0344_0169_0218_0218.jpg 1 344 169 218 218
0015_0176_0277_0057_0057.jpg 1 176 277 57 57
0016_0010_0072_0090_0090.jpg 1 10 72 90 90
0017_0217_0026_0303_0303.jpg 1 217 26 303 303
0018_0160_0059_0035_0035.jpg 1 160 59 35 35
0019_0131_0094_0321_0321.jpg 1 131 94 321 321
0020_0221_0011_0071_0071.jpg 1 221 11 71 71
0021_0245_0548_0027_0027.jpg 1 245 548 27 27
0022_0061_0014_0118_0118.jpg 1 61 14 118 118
0023_0036_0049_0123_0123.jpg 1 36 49 123 123
0024_0125_0041_0044_0044.jpg 1 125 41 44 44
0025_0315_0174_0262_0262.jpg 1 315 174 262 262
0026_0242_0120_0255_0255.jpg 1 242 120 255 255
0027_0082_0145_0038_0038.jpg 1 82 145 38 38
0028_0101_0041_0063_0063.jpg 1 101 41 63 63
0029_0055_0054_0074_0074.jpg 1 55 54 74 74
0030_0035_0256_0293_0293.jpg 1 35 256 293 293
0031_0022_0018_0154_0154.jpg 1 22 18 154 154
0032_0134_0139_0063_0063.jpg 1 134 139 63 63
0033_0114_0159_0290_0290.jpg 1 114 159 290 290
0034_0250_0296_0039_0039.jpg 1 250 296 39 39
0035_0026_0024_0064_0064.jpg 1 26 24 64 64
0036_0073_0173_0028_0028.jpg 1 73 173 28 28
0037_0241_0429_0154_0154.jpg 1 241 429 154 154
0038_0047_0125_0041_0041.jpg 1 47 125 41 41
0039_0232_0072_0309_0309.jpg 1 232 72 309 309
0040_0279_0140_0021_0021.jpg 1 279 140 21 21
0041_0209_0104_0276_0276.jpg 1 209 104 276 276
0042_0215_0088_0053_0053.jpg 1 215 88 53 53
0043_0363_0188_0219_0219.jpg 1 363 188 219 219
0044_0169_0107_0227_0227.jpg 1 169 107 227 227
0045_0066_0115_0090_0090.jpg 1 66 115 90 90
0046_0017_0096_0031_0031.jpg 1 17 96 31 31
0047_0316_0175_0270_0270.jpg 1 316 175 270 270
0048_0101_0077_0063_0063.jpg 1 101 77 63 63
0049_0109_0063_0153_0153.jpg 1 109 63 153 153
0050_0333_0293_0131_0131.jpg 1 333 293 131 131
0051_0170_0153_0038_0038.jpg 1 170 153 38 38
0052_0101_0248_0180_0180.jpg 1 101 248 180 180
0053_0287_0202_0090_0090.jpg 1 287 202 90 90
0054_0204_0112_0223_0223.jpg 1 204 112 223 223
0055_0092_0047_0051_0051.jpg 1 92 47 51 51
0056_0118_0121_0081_0081.jpg 1 118 121 81 81
0057_0057_0036_0036_0036.jpg 1 57 36 36 36
0058_0512_0285_0031_0031.jpg 1 512 285 31 31
0059_0129_0061_0143_0143.jpg 1 129 61 143 143
0060_0057_0027_0114_0114.jpg 1 57 27 114 114
0061_0032_0061_0136_0136.jpg 1 32 61 136 136
0062_0102_0145_0119_0119.jpg 1 102 145 119 119
0063_0192_0298_0159_0159.jpg 1 192 298 159 159
0064_0264_0088_0252_0252.jpg 1 264 88 252 252
0001_0127_0117_0278_0278.jpg 1 127 117 278 278
0002_0034_0119_0028_0028.jpg 1 34 119 28 28
0003_0430_0083_0112_0112.jpg 1 430 83 112 112
0004_0053_0124_0084_0084.jpg 1 53 124 84 84
0005_0077_0151_0207_0207.jpg 1 77 151 207 207
0006_0057_0111_0271_0271.jpg 1 57 111 271 271
0007_0411_0077_0074_0074.jpg 1 411 77 74 74
0008_0054_0127_0095_0095.jpg 1 54 127 95 95
0009_0201_0151_0048_0048.jpg 1 201 151 48 48
0010_0113_0084_0069_0069.jpg 1 113 84 69 69
0011_0078_0475_0059_0059.jpg 1 78 475 59 59
0012_0308_0088_0117_0117.jpg 1 308 88 117 117
0013_0165_0091_0154_0154.jpg 1 165 91 154 154
0014_0200_0046_0089_0089.jpg 1 200 46 89 89
0015_0183_0034_0114_0114.jpg 1 183 34 114 114
0016_0174_0079_0042_0042.jpg 1 174 79 42 42
0017_0036_0042_0106_0106.jpg 1 36 42 106 106
0018_0229_0089_0328_0328.jpg 1 229 89 328 328
0019_0352_0287_0062_0062.jpg 1 352 287 62 62
0020_1696_0295_0251_0251.jpg 1 1696 295 251 251
0021_0276_0170_0221_0221.jpg 1 276 170 221 221
0022_0149_0369_0025_0025.jpg 1 149 369 25 25
0023_0123_0125_0076_0076.jpg 1 123 125 76 76
0024_0122_0078_0146_0146.jpg 1 122 78 146 146
0025_0228_0040_0025_0025.jpg 1 228 40 25 25
0026_0123_0081_0179_0179.jpg 1 123 81 179 179
0027_0247_0115_0290_0290.jpg 1 247 115 290 290
0028_0149_0011_0108_0108.jpg 1 149 11 108 108
0029_0088_0208_0117_0117.jpg 1 88 208 117 117
0030_0187_0040_0053_0053.jpg 1 187 40 53 53
0031_0114_0056_0078_0078.jpg 1 114 56 78 78
0032_0041_0046_0114_0114.jpg 1 41 46 114 114
0033_0145_0074_0334_0334.jpg 1 145 74 334 334
0034_0173_0103_0089_0089.jpg 1 173 103 89 89
0035_0082_0170_0116_0116.jpg 1 82 170 116 116
0036_0128_0017_0040_0040.jpg 1 128 17 40 40
0037_0374_0158_0166_0166.jpg 1 374 158 166 166
0038_0034_0211_0306_0306.jpg 1 34 211 306 306
0039_0104_0050_0084_0084.jpg 1 104 50 84 84
0040_0196_0162_0219_0219.jpg 1 196 162 219 219
0041_0070_0076_0291_0291.jpg 1 70 76 291 291
0042_0190_0390_0163_0163.jpg 1 190 390 163 163
0043_0514_0088_0031_0031.jpg 1 514 88 31 31
0044_0268_0094_0090_0090.jpg 1 268 94 90 90
0045_0046_0026_0334_0334.jpg 1 46 26 334 334
0046_0231_0091_0040_0040.jpg 1 231 91 40 40
0047_0343_0203_0240_0240.jpg 1 343 203 240 240
0048_0195_0023_0089_0089.jpg 1 195 23 89 89
0049_0440_0167_0086_0086.jpg 1 440 167 86 86
0050_0324_0291_0040_0040.jpg 1 324 291 40 40
0051_0321_0208_0064_0064.jpg 1 321 208 64 64
0052_0063_0054_0164_0164.jpg 1 63 54 164 164
0053_0280_0231_0089_0089.jpg 1 280 231 89 89
0054_0289_0182_0052_0052.jpg 1 289 182 52 52
0055_0370_0232_0067_0067.jpg 1 370 232 67 67
0056_0197_0120_0242_0242.jpg 1 197 120 242 242
0057_0080_0079_0067_0067.jpg 1 80 79 67 67
0058_0062_0158_0283_0283.jpg 1 62 158 283 283
0059_0491_0152_0090_0090.jpg 1 491 152 90 90
0060_0078_0227_0160_0160.jpg 1 78 227 160 160
0061_0218_0303_0050_0050.jpg 1 218 303 50 50
0062_0018_0022_0153_0153.jpg 1 18 22 153 153
0063_0076_0066_0088_0088.jpg 1 76 66 88 88
0064_0133_0037_0134_0134.jpg 1 133 37 134 134
0001_0119_0295_0055_0055.jpg 1 119 295 55 55
0002_0156_0051_0100_0100.jpg 1 156 51 100 100
0003_0097_0069_0107_0107.jpg 1 97 69 107 107
0004_0045_0124_0072_0072.jpg 1 45 124 72 72
0005_0390_0118_0176_0176.jpg 1 390 118 176 176
0006_0070_0216_0153_0153.jpg 1 70 216 153 153
0007_0196_0191_0025_0025.jpg 1 196 191 25 25
0008_0080_0144_0116_0116.jpg 1 80 144 116 116
0009_0432_0269_0061_0061.jpg 1 432 269 61 61
0010_0088_0055_0099_0099.jpg 1 88 55 99 99
0011_0436_0174_0082_0082.jpg 1 436 174 82 82
0012_0133_0019_0314_0314.jpg 1 133 19 314 314
0013_0096_0151_0060_0060.jpg 1 96 151 60 60
0014_0298_0045_0221_0221.jpg 1 298 45 221 221
0015_0300_0068_0199_0199.jpg 1 300 68 199 199
0016_0289_0082_0221_0221.jpg 1 289 82 221 221
0017_0105_0150_0331_0331.jpg 1 105 150 331 331
0018_0300_0170_0287_0287.jpg 1 300 170 287 287
0019_0421_0281_0119_0119.jpg 1 421 281 119 119
0020_0199_0045_0296_0296.jpg 1 199 45 296 296
0021_0379_0250_0153_0153.jpg 1 379 250 153 153
0022_0126_0097_0137_0137.jpg 1 126 97 137 137
0023_0055_0067_0332_0332.jpg 1 55 67 332 332
0024_0098_0187_0188_0188.jpg 1 98 187 188 188
0025_0398_0136_0116_0116.jpg 1 398 136 116 116
0026_0400_0258_0071_0071.jpg 1 400 258 71 71
0027_0197_0225_0225_0225.jpg 1 197 225 225 225
0028_0077_0447_0117_0117.jpg 1 77 447 117 117
0029_0068_0086_0056_0056.jpg 1 68 86 56 56
0030_0088_0066_0106_0106.jpg 1 88 66 106 106
0031_0147_0166_0298_0298.jpg 1 147 166 298 298
0032_0214_0129_0029_0029.jpg 1 214 129 29 29
0033_0361_0076_0061_0061.jpg 1 361 76 61 61
0034_0099_0128_0297_0297.jpg 1 99 128 297 297
0035_0059_0087_0049_0049.jpg 1 59 87 49 49
0036_0335_0068_0105_0105.jpg 1 335 68 105 105
0037_0191_0018_0092_0092.jpg 1 191 18 92 92
0038_0150_0091_0095_0095.jpg 1 150 91 95 95
0039_0103_0093_0100_0100.jpg 1 103 93 100 100
0040_0260_0053_0100_0100.jpg 1 260 53 100 100
0041_0128_0019_0116_0116.jpg 1 128 19 116 116
0042_0083_0017_0106_0106.jpg 1 83 17 106 106
0043_0127_0081_0085_0085.jpg 1 127 81 85 85
0044_0013_0089_0091_0091.jpg 1 13 89 91 91
0045_0058_0068_0064_0064.jpg 1 58 68 64 64
0046_0409_0211_0072_0072.jpg 1 409 211 72 72
0047_0370_0232_0210_0210.jpg 1 370 232 210 210
0048_0109_0119_0286_0286.jpg 1 109 119 286 286
0049_0063_0263_0173_0173.jpg 1 63 263 173 173
0050_0044_0050_0135_0135.jpg 1 44 50 135 135
0051_0144_0039_0039_0039.jpg 1 144 39 39 39
0052_0288_0192_0159_0159.jpg 1 288 192 159 159
0053_0088_0152_0061_0061.jpg 1 88 152 61 61
0054_0218_0116_0197_0197.jpg 1 218 116 197 197
0055_0063_0378_0046_0046.jpg 1 63 378 46 46
0056_0152_0036_0332_0332.jpg 1 152 36 332 332
0057_0205_0182_0037_0037.jpg 1 205 182 37 37
0058_0158_0020_0128_0128.jpg 1 158 20 128 128
0059_0110_0245_0203_0203.jpg 1 110 245 203 203
0060_0096_0078_0046_0046.jpg 1 96 78 46 46
0061_0090_0115_0058_0058.jpg 1 90 115 58 58
0062_0042_0106_0173_0173.jpg 1 42 106 173 173
0063_0052_0121_0153_0153.jpg 1 52 121 153 153
0064_0221_0112_0026_0026.jpg 1 221 112 26 26
0001_0190_0135_0253_0253.jpg 1 190 135 253 253
0002_0101_0158_0222_0222.jpg 1 101 158 222 222
0003_0207_0347_0144_0144.jpg 1 207 347 144 144
0004_0120_0024_0240_0240.jpg 1 120 24 240 240
0005_0102_0185_0020_0020.jpg 1 102 185 20 20
0006_0172_0079_0109_0109.jpg 1 172 79 109 109
0007_0182_0101_0109_0109.jpg 1 182 101 109 109
0008_0062_0038_0033_0033.jpg 1 62 38 33 33
0009_0044_0062_0129_0129.jpg 1 44 62 129 129
0010_0350_0084_0069_0069.jpg 1 350 84 69 69
0011_0095_0090_0099_0099.jpg 1 95 90 99 99
0012_0092_0074_0150_0150.jpg 1 92 74 150 150
0013_0138_0026_0328_0328.jpg 1 138 26 328 328
0014_0092_0041_0149_0149.jpg 1 92 41 149 149
0015_0290_0177_0270_0270.jpg 1 290 177 270 270
0016_0041_0084_0132_0132.jpg 1 41 84 132 132
0017_0241_0048_0031_0031.jpg 1 241 48 31 31
0018_0090_0039_0112_0112.jpg 1 90 39 112 112
0019_0024_0073_0274_0274.jpg 1 24 73 274 274
0020_0264_0267_0128_0128.jpg 1 264 267 128 128
0021_0046_0043_0116_0116.jpg 1 46 43 116 116
0022_0128_0156_0264_0264.jpg 1 128 156 264 264
0023_0106_0087_0099_0099.jpg 1 106 87 99 99
0024_0195_0053_0065_0065.jpg 1 195 53 65 65
0025_0062_0093_0080_0080.jpg 1 62 93 80 80
0026_0142_0030_0155_0155.jpg 1 142 30 155 155
0027_0035_0112_0089_0089.jpg 1 35 112 89 89
0028_0105_0271_0166_0166.jpg 1 105 271 166 166
0029_0218_0087_0211_0211.jpg 1 218 87 211 211
0030_0120_0322_0020_0020.jpg 1 120 322 20 20
0031_0082_0061_0034_0034.jpg 1 82 61 34 34
0032_0158_0045_0181_0181.jpg 1 158 45 181 181
0033_0350_0173_0021_0021.jpg 1 350 173 21 21
0034_0113_0121_0071_0071.jpg 1 113 121 71 71
0035_0126_0207_0094_0094.jpg 1 126 207 94 94
0036_0188_0102_0053_0053.jpg 1 188 102 53 53
0037_0126_0066_0250_0250.jpg 1 126 66 250 250
0038_0175_0179_0039_0039.jpg 1 175 179 39 39
0039_0057_0205_0126_0126.jpg 1 57 205 126 126
0040_0087_0018_0144_0144.jpg 1 87 18 144 144
0041_0238_0174_0279_0279.jpg 1 238 174 279 279
0042_0292_0083_0162_0162.jpg 1 292 83 162 162
0043_0115_0149_0308_0308.jpg 1 115 149 308 308
0044_0148_0017_0140_0140.jpg 1 148 17 140 140
0045_0016_0061_0122_0122.jpg 1 16 61 122 122
0046_0025_0149_0050_0050.jpg 1 25 149 50 50
0047_0479_0119_0086_0086.jpg 1 479 119 86 86
0048_0074_0151_0037_0037.jpg 1 74 151 37 37
0049_0117_0063_0096_0096.jpg 1 117 63 96 96
0050_0176_0108_0207_0207.jpg 1 176 108 207 207
0051_0134_0078_0087_0087.jpg 1 134 78 87 87
0052_0134_0093_0036_0036.jpg 1 134 93 36 36
0053_0041_0102_0022_0022.jpg 1 41 102 22 22
0054_0193_0095_0053_0053.jpg 1 193 95 53 53
0055_0111_0075_0063_0063.jpg 1 111 75 63 63
0056_0042_0023_0108_0108.jpg 1 42 23 108 108
0057_0223_0037_0027_0027.jpg 1 223 37 27 27
0058_0159_0055_0025_0025.jpg 1 159 55 25 25
0059_0091_0093_0036_0036.jpg 1 91 93 36 36
0060_0101_0036_0023_0023.jpg 1 101 36 23 23
0061_0941_0281_1340_1340.jpg 1 941 281 1340 1340
0062_0057_0143_0294_0294.jpg 1 57 143 294 294
0063_0040_0119_0097_0097.jpg 1 40 119 97 97
0064_0009_0084_0067_0067.jpg 1 9 84 67 67
0001_0395_0171_0134_0134.jpg 1 395 171 134 134
0002_0249_0174_0209_0209.jpg 1 249 174 209 209
0003_0461_0309_0049_0049.jpg 1 461 309 49 49
0004_0116_0057_0025_0025.jpg 1 116 57 25 25
0005_0107_0266_0109_0109.jpg 1 107 266 109 109
0006_0429_0068_0021_0021.jpg 1 429 68 21 21
0007_0068_0089_0037_0037.jpg 1 68 89 37 37
0008_0077_0471_0032_0032.jpg 1 77 471 32 32
0009_0213_0118_0240_0240.jpg 1 213 118 240 240
0010_0116_0158_0040_0040.jpg 1 116 158 40 40
0011_0285_0023_0317_0317.jpg 1 285 23 317 317
0012_0243_0147_0283_0283.jpg 1 243 147 283 283
0013_0129_0111_0231_0231.jpg 1 129 111 231 231
0014_0044_0150_0022_0022.jpg 1 44 150 22 22
0015_0062_0058_0140_0140.jpg 1 62 58 140 140
0016_0184_0084_0303_0303.jpg 1 184 84 303 303
0017_0233_0109_0032_0032.jpg 1 233 109 32 32
0018_0394_0152_0195_0195.jpg 1 394 152 195 195
0019_0122_0154_0113_0113.jpg 1 122 154 113 113
0020_0075_0065_0153_0153.jpg 1 75 65 153 153
0021_0081_0065_0150_0150.jpg 1 81 65 150 150
0022_0243_0146_0075_0075.jpg 1 243 146 75 75
0023_0349_0086_0045_0045.jpg 1 349 86 45 45
0024_0223_0461_0048_0048.jpg 1 223 461 48 48
0025_0236_0060_0221_0221.jpg 1 236 60 221 221
0026_0032_0108_0118_0118.jpg 1 32 108 118 118
0027_0030_0088_0094_0094.jpg 1 30 88 94 94
0028_0022_0135_0085_0085.jpg 1 22 135 85 85
0029_0118_0013_0163_0163.jpg 1 118 13 163 163
0030_0380_0034_0150_0150.jpg 1 380 34 150 150
0031_0143_0053_0152_0152.jpg 1 143 53 152 152
0032_0060_0028_0160_0160.jpg 1 60 28 160 160
0033_0047_0052_0149_0149.jpg 1 47 52 149 149
0034_0028_0073_0140_0140.jpg 1 28 73 140 140
0035_0148_0157_0119_0119.jpg 1 148 157 119 119
0036_0436_0087_0085_0085.jpg 1 436 87 85 85
0037_0250_0361_0069_0069.jpg 1 250 361 69 69
0038_0306_0048_0213_0213.jpg 1 306 48 213 213
0039_0155_0099_0038_0038.jpg 1 155 99 38 38
0040_0061_0048_0121_0121.jpg 1 61 48 121 121
0041_0288_0127_0224_0224.jpg 1 288 127 224 224
0042_0212_0064_0064_0064.jpg 1 212 64 64 64
0043_0174_0049_0059_0059.jpg 1 174 49 59 59
0044_0224_0091_0314_0314.jpg 1 224 91 314 314
0045_0195_0134_0031_0031.jpg 1 195 134 31 31
0046_0263_0051_0192_0192.jpg 1 263 51 192 192
0047_0085_0056_0137_0137.jpg 1 85 56 137 137
0048_0052_0209_0154_0154.jpg 1 52 209 154 154
0049_0026_0104_0092_0092.jpg 1 26 104 92 92
0050_0191_0102_0149_0149.jpg 1 191 102 149 149
0051_0117_0085_0132_0132.jpg 1 117 85 132 132
0052_0069_0030_0121_0121.jpg 1 69 30 121 121
0053_0305_0192_0263_0263.jpg 1 305 192 263 263
0054_0027_0206_0302_0302.jpg 1 27 206 302 302
0055_0051_0113_0095_0095.jpg 1 51 113 95 95
0056_0226_0020_0051_0051.jpg 1 226 20 51 51
0057_0483_0208_0033_0033.jpg 1 483 208 33 33
0058_0199_0049_0053_0053.jpg 1 199 49 53 53
0059_0159_0047_0234_0234.jpg 1 159 47 234 234
0060_0144_0151_0273_0273.jpg 1 144 151 273 273
0061_0172_0033_0208_0208.jpg 1 172 33 208 208
0062_0106_0195_0099_0099.jpg 1 106 195 99 99
0063_0086_0165_0215_0215.jpg 1 86 165 215 215
0064_0035_0132_0293_0293.jpg 1 35 132 293 293
0001_0262_0153_0227_0227.jpg 1 262 153 227 227
0002_0099_0106_0051_0051.jpg 1 99 106 51 51
0003_0118_0164_0146_0146.jpg 1 118 164 146 146
0004_0134_0029_0286_0286.jpg 1 134 29 286 286
0005_0126_0033_0068_0068.jpg 1 126 33 68 68
0006_0288_0072_0219_0219.jpg 1 288 72 219 219
0007_0089_0339_0032_0032.jpg 1 89 339 32 32
0008_0230_0071_0234_0234.jpg 1 230 71 234 234
0009_0117_0037_0104_0104.jpg 1 117 37 104 104
0010_0117_0053_0165_0165.jpg 1 117 53 165 165
0011_0416_0258_0024_0024.jpg 1 416 258 24 24
0012_0246_0190_0150_0150.jpg 1 246 190 150 150
0013_0053_0022_0096_0096.jpg 1 53 22 96 96
0014_0100_0111_0099_0099.jpg 1 100 111 99 99
0015_0288_0076_0213_0213.jpg 1 288 76 213 213
0016_0071_0064_0076_0076.jpg 1 71 64 76 76
0017_0029_0139_0039_0039.jpg 1 29 139 39 39
0018_0047_0130_0083_0083.jpg 1 47 130 83 83
0019_0117_0250_0152_0152.jpg 1 117 250 152 152
0020_0062_0107_0109_0109.jpg 1 62 107 109 109
0021_0261_0184_0203_0203.jpg 1 261 184 203 203
0022_0030_0142_0072_0072.jpg 1 30 142 72 72
0023_0056_0054_0119_0119.jpg 1 56 54 119 119
0024_0300_0127_0264_0264.jpg 1 300 127 264 264
0025_0194_0065_0272_0272.jpg 1 194 65 272 272
0026_0171_0063_0058_0058.jpg 1 171 63 58 58
0027_0078_0253_0194_0194.jpg 1 78 253 194 194
0028_0316_0330_0059_0059.jpg 1 316 330 59 59
0029_0258_0043_0306_0306.jpg 1 258 43 306 306
0030_0097_0035_0120_0120.jpg 1 97 35 120 120
0031_0258_0042_0306_0306.jpg 1 258 42 306 306
0032_0077_0127_0068_0068.jpg 1 77 127 68 68
0033_0071_0054_0021_0021.jpg 1 71 54 21 21
0034_0327_0293_0089_0089.jpg 1 327 293 89 89
0035_0143_0074_0051_0051.jpg 1 143 74 51 51
0036_0079_0119_0128_0128.jpg 1 79 119 128 128
0037_0369_0101_0080_0080.jpg 1 369 101 80 80
0038_0218_0062_0080_0080.jpg 1 218 62 80 80
0039_0401_0067_0159_0159.jpg 1 401 67 159 159
0040_0093_0126_0065_0065.jpg 1 93 126 65 65
0041_0119_0112_0267_0267.jpg 1 119 112 267 267
0042_0299_0160_0161_0161.jpg 1 299 160 161 161
0043_0241_0151_0268_0268.jpg 1 241 151 268 268
0044_0032_0028_0080_0080.jpg 1 32 28 80 80
0045_0066_0284_0148_0148.jpg 1 66 284 148 148
0046_0104_0032_0102_0102.jpg 1 104 32 102 102
0047_0099_0063_0126_0126.jpg 1 99 63 126 126
0048_0036_0053_0122_0122.jpg 1 36 53 122 122
0049_0025_0044_0141_0141.jpg 1 25 44 141 141
0050_0034_0027_0030_0030.jpg 1 34 27 30 30
0051_0040_0079_0090_0090.jpg 1 40 79 90 90
0052_0288_0085_0102_0102.jpg 1 288 85 102 102
0053_0086_0025_0137_0137.jpg 1 86 25 137 137
0054_0078_0208_0131_0131.jpg 1 78 208 131 131
0055_0296_0093_0159_0159.jpg 1 296 93 159 159
0056_0390_0197_0177_0177.jpg 1 390 197 177 177
0057_0143_0093_0021_0021.jpg 1 143 93 21 21
0058_0112_0155_0038_0038.jpg 1 112 155 38 38
0059_0248_0420_0031_0031.jpg 1 248 420 31 31
0060_0032_0050_0102_0102.jpg 1 32 50 102 102
0061_0028_0028_0132_0132.jpg 1 28 28 132 132
0062_0012_0047_0143_0143.jpg 1 12 47 143 143
0063_0162_0053_0096_0096.jpg 1 162 53 96 96
0064_0172_0202_0064_0064.jpg 1 172 202 64 64
0001_0155_0114_0321_0321.jpg 1 155 114 321 321
0002_0031_0035_0128_0128.jpg 1 31 35 128 128
0003_0058_0105_0099_0099.jpg 1 58 105 99 99
0004_0123_0027_0298_0298.jpg 1 123 27 298 298
0005_0208_0287_0070_0070.jpg 1 208 287 70 70
0006_0363_0152_0102_0102.jpg 1 363 152 102 102
0007_0057_0070_0272_0272.jpg 1 57 70 272 272
0008_0033_0105_0066_0066.jpg 1 33 105 66 66
0009_0242_0045_0199_0199.jpg 1 242 45 199 199
0010_0076_0032_0152_0152.jpg 1 76 32 152 152
0011_0280_0071_0045_0045.jpg 1 280 71 45 45
0012_0014_0055_0102_0102.jpg 1 14 55 102 102
0013_0123_0286_0140_0140.jpg 1 123 286 140 140
0014_0159_0402_0032_0032.jpg 1 159 402 32 32
0015_0071_0020_0086_0086.jpg 1 71 20 86 86
0016_0111_0057_0295_0295.jpg 1 111 57 295 295
0017_0083_0350_0074_0074.jpg 1 83 350 74 74
0018_0171_0106_0102_0102.jpg 1 171 106 102 102
0019_0259_0153_0227_0227.jpg 1 259 153 227 227
0020_0013_0174_0044_0044.jpg 1 13 174 44 44
0021_0388_0197_0097_0097.jpg 1 388 197 97 97
0022_0034_0181_0298_0298.jpg 1 34 181 298 298
0023_0404_0264_0118_0118.jpg 1 404 264 118 118
0024_0049_0061_0087_0087.jpg 1 49 61 87 87
0025_0277_0247_0075_0075.jpg 1 277 247 75 75
0026_0017_0090_0130_0130.jpg 1 17 90 130 130
0027_0381_0128_0129_0129.jpg 1 381 128 129 129
0028_0358_0180_0220_0220.jpg 1 358 180 220 220
0029_0278_0061_0287_0287.jpg 1 278 61 287 287
0030_0044_0132_0040_0040.jpg 1 44 132 40 40
0031_0153_0127_0143_0143.jpg 1 153 127 143 143
0032_0281_0067_0216_0216.jpg 1 281 67 216 216
0033_0461_0296_0068_0068.jpg 1 461 296 68 68
0034_0027_0097_0112_0112.jpg 1 27 97 112 112
0035_0273_0324_0066_0066.jpg 1 273 324 66 66
0036_0155_0134_0162_0162.jpg 1 155 134 162 162
0037_0189_0122_0053_0053.jpg 1 189 122 53 53
0038_0161_0017_0133_0133.jpg 1 161 17 133 133
0039_0062_0300_0230_0230.jpg 1 62 300 230 230
0040_0178_0039_0314_0314.jpg 1 178 39 314 314
0041_0267_0083_0282_0282.jpg 1 267 83 282 282
0042_0182_0171_0203_0203.jpg 1 182 171 203 203
0043_0353_0087_0081_0081.jpg 1 353 87 81 81
0044_0151_0110_0299_0299.jpg 1 151 110 299 299
0045_0133_0060_0252_0252.jpg 1 133 60 252 252
0046_0082_0036_0100_0100.jpg 1 82 36 100 100
0047_0199_0057_0092_0092.jpg 1 199 57 92 92
0048_0181_0053_0032_0032.jpg 1 181 53 32 32
0049_0234_0380_0049_0049.jpg 1 234 380 49 49
0050_0056_0147_0284_0284.jpg 1 56 147 284 284
0051_0218_0050_0240_0240.jpg 1 218 50 240 240
0052_0134_0012_0127_0127.jpg 1 134 12 127 127
0053_0282_0083_0280_0280.jpg 1 282 83 280 280
0054_0061_0105_0245_0245.jpg 1 61 105 245 245
0055_0438_0205_0139_0139.jpg 1 438 205 139 139
0056_0178_0032_0109_0109.jpg 1 178 32 109 109
0057_0079_0058_0329_0329.jpg 1 79 58 329 329
0058_0232_0138_0026_0026.jpg 1 232 138 26 26
0059_0240_0192_0143_0143.jpg 1 240 192 143 143
0060_0113_0018_0081_0081.jpg 1 113 18 81 81
0061_0201_0158_0057_0057.jpg 1 201 158 57 57
0062_0414_0152_0152_0152.jpg 1 414 152 152 152
0063_0199_0073_0190_0190.jpg 1 199 73 190 190
0064_0176_0216_0114_0114.jpg 1 176 216 114 114
0001_0163_0041_0197_0197.jpg 1 163 41 197 197
0002_0448_0350_0078_0078.jpg 1 448 350 78 78
0003_0265_0252_0129_0129.jpg 1 265 252 129 129
0004_0074_0111_0062_0062.jpg 1 74 111 62 62
0005_0375_0206_0221_0221.jpg 1 375 206 221 221
0006_0089_0135_0298_0298.jpg 1 89 135 298 298
0007_0032_0084_0073_0073.jpg 1 32 84 73 73
0008_0108_0066_0111_0111.jpg 1 108 66 111 111
0009_0222_0040_0305_0305.jpg 1 222 40 305 305
0010_0123_0061_0056_0056.jpg 1 123 61 56 56
0011_0310_0094_0115_0115.jpg 1 310 94 115 115
0012_0026_0045_0162_0162.jpg 1 26 45 162 162
0013_0119_0139_0021_0021.jpg 1 119 139 21 21
0014_0222_0147_0223_0223.jpg 1 222 147 223 223
0015_0082_0095_0083_0083.jpg 1 82 95 83 83
0016_0164_0107_0267_0267.jpg 1 164 107 267 267
0017_0169_0243_0148_0148.jpg 1 169 243 148 148
0018_0077_0269_0127_0127.jpg 1 77 269 127 127
0019_0230_0093_0043_0043.jpg 1 230 93 43 43
0020_0124_0031_0086_0086.jpg 1 124 31 86 86
0021_0094_0338_0027_0027.jpg 1 94 338 27 27
0022_0030_0139_0036_0036.jpg 1 30 139 36 36
0023_0177_0041_0110_0110.jpg 1 177 41 110 110
0024_0213_0074_0065_0065.jpg 1 213 74 65 65
0025_0115_0104_0029_0029.jpg 1 115 104 29 29
0026_0023_0054_0039_0039.jpg 1 23 54 39 39
0027_0240_0151_0035_0035.jpg 1 240 151 35 35
0028_0276_0137_0084_0084.jpg 1 276 137 84 84
0029_0300_0056_0290_0290.jpg 1 300 56 290 290
0030_0373_0135_0098_0098.jpg 1 373 135 98 98
0031_0225_0092_0027_0027.jpg 1 225 92 27 27
0032_0089_0025_0096_0096.jpg 1 89 25 96 96
0033_0100_0017_0089_0089.jpg 1 100 17 89 89
0034_0078_0078_0331_0331.jpg 1 78 78 331 331
0035_0119_0089_0054_0054.jpg 1 119 89 54 54
0036_0067_0108_0289_0289.jpg 1 67 108 289 289
0037_0145_0295_0037_0037.jpg 1 145 295 37 37
0038_0329_0235_0097_0097.jpg 1 329 235 97 97
0039_0099_0179_0259_0259.jpg 1 99 179 259 259
0040_0113_0074_0259_0259.jpg 1 113 74 259 259
0041_0153_0273_0122_0122.jpg 1 153 273 122 122
0042_0104_0082_0020_0020.jpg 1 104 82 20 20
0043_0111_0029_0195_0195.jpg 1 111 29 195 195
0044_0257_0038_0329_0329.jpg 1 257 38 329 329
0045_0061_0040_0071_0071.jpg 1 61 40 71 71
0046_0161_0107_0247_0247.jpg 1 161 107 247 247
0047_0135_0078_0129_0129.jpg 1 135 78 129 129
0048_0014_0110_0095_0095.jpg 1 14 110 95 95
0049_0224_0091_0046_0046.jpg 1 224 91 46 46
0050_0057_0032_0045_0045.jpg 1 57 32 45 45
0051_0081_0024_0328_0328.jpg 1 81 24 328 328
0052_0257_0071_0286_0286.jpg 1 257 71 286 286
0053_0210_0075_0318_0318.jpg 1 210 75 318 318
0054_0140_0115_0028_0028.jpg 1 140 115 28 28
0055_0073_0058_0259_0259.jpg 1 73 58 259 259
0056_0058_0022_0091_0091.jpg 1 58 22 91 91
0057_0350_0174_0178_0178.jpg 1 350 174 178 178
0058_0010_0014_0156_0156.jpg 1 10 14 156 156
0059_0379_0190_0117_0117.jpg 1 379 190 117 117
0060_0198_0216_0183_0183.jpg 1 198 216 183 183
0061_0267_0070_0234_0234.jpg 1 267 70 234 234
0062_0033_0080_0089_0089.jpg 1 33 80 89 89
0063_0108_0155_0303_0303.jpg 1 108 155 303 303
0064_0183_0053_0070_0070.jpg 1 183 53 70 70
0001_0184_0316_0099_0099.jpg 1 184 316 99 99
0002_0108_0166_0053_0053.jpg 1 108 166 53 53
0003_0284_0147_0077_0077.jpg 1 284 147 77 77
0004_0125_0184_0274_0274.jpg 1 125 184 274 274
0005_0018_0029_0165_0165.jpg 1 18 29 165 165
0006_0226_0095_0300_0300.jpg 1 226 95 300 300
0007_0022_0033_0120_0120.jpg 1 22 33 120 120
0008_0081_0039_0319_0319.jpg 1 81 39 319 319
0009_0266_0211_0160_0160.jpg 1 266 211 160 160
0010_0053_0165_0277_0277.jpg 1 53 165 277 277
0011_0032_0125_0034_0034.jpg 1 32 125 34 34
0012_0023_0031_0105_0105.jpg 1 23 31 105 105
0013_0060_0280_0095_0095.jpg 1 60 280 95 95
0014_0133_0028_0101_0101.jpg 1 133 28 101 101
0015_0143_0247_0077_0077.jpg 1 143 247 77 77
0016_0106_0079_0133_0133.jpg 1 106 79 133 133
0017_0047_0043_0051_0051.jpg 1 47 43 51 51
0018_0246_0254_0073_0073.jpg 1 246 254 73 73
0019_0122_0067_0143_0143.jpg 1 122 67 143 143
0020_0170_0035_0021_0021.jpg 1 170 35 21 21
0021_0130_0040_0164_0164.jpg 1 130 40 164 164
0022_0234_0034_0049_0049.jpg 1 234 34 49 49
0023_0154_0031_0310_0310.jpg 1 154 31 310 310
0024_0235_0121_0062_0062.jpg 1 235 121 62 62
0025_0217_0255_0161_0161.jpg 1 217 255 161 161
0026_0305_0099_0221_0221.jpg 1 305 99 221 221
0027_0296_0268_0064_0064.jpg 1 296 268 64 64
0028_0092_0119_0041_0041.jpg 1 92 119 41 41
0029_0148_0040_0136_0136.jpg 1 148 40 136 136
0030_0165_0018_0086_0086.jpg 1 165 18 86 86
0031_0221_0094_0297_0297.jpg 1 221 94 297 297
0032_0131_0303_0047_0047.jpg 1 131 303 47 47
0033_0081_0144_0112_0112.jpg 1 81 144 112 112
0034_0209_0474_0031_0031.jpg 1 209 474 31 31
0035_0228_0146_0029_0029.jpg 1 228 146 29 29
0036_0049_0081_0078_0078.jpg 1 49 81 78 78
0037_0088_0058_0044_0044.jpg 1 88 58 44 44
0038_0258_0060_0155_0155.jpg 1 258 60 155 155
0039_0176_0072_0028_0028.jpg 1 176 72 28 28
0040_0250_0158_0195_0195.jpg 1 250 158 195 195
0041_0038_0028_0150_0150.jpg 1 38 28 150 150
0042_0023_0086_0121_0121.jpg 1 23 86 121 121
0043_0277_0124_0187_0187.jpg 1 277 124 187 187
0044_0181_0036_0069_0069.jpg 1 181 36 69 69
0045_0243_0286_0040_0040.jpg 1 243 286 40 40
0046_0023_0059_0082_0082.jpg 1 23 59 82 82
0047_0194_0083_0098_0098.jpg 1 194 83 98 98
0048_0090_0158_0057_0057.jpg 1 90 158 57 57
0049_0271_0177_0136_0136.jpg 1 271 177 136 136
0050_0377_0165_0193_0193.jpg 1 377 165 193 193
0051_0050_0081_0139_0139.jpg 1 50 81 139 139
0052_0046_0446_0080_0080.jpg 1 46 446 80 80
0053_0295_0098_0257_0257.jpg 1 295 98 257 257
0054_0019_0109_0047_0047.jpg 1 19 109 47 47
0055_0084_0019_0066_0066.jpg 1 84 19 66 66
0056_0505_0058_0042_0042.jpg 1 505 58 42 42
0057_0053_0035_0136_0136.jpg 1 53 35 136 136
0058_0051_0037_0162_0162.jpg 1 51 37 162 162
0059_0335_0197_0256_0256.jpg 1 335 197 256 256
0060_0259_0210_0080_0080.jpg 1 259 210 80 80
0061_0051_0084_0066_0066.jpg 1 51 84 66 66
0062_0232_0092_0020_0020.jpg 1 232 92 20 20
0063_0078_0232_0159_0159.jpg 1 78 232 159 159
0064_0086_0105_0087_0087.jpg 1 86 105 87 87
0001_0086_0041_0192_0192.jpg 1 86 41 192 192
0002_0053_0065_0140_0140.jpg 1 53 65 140 140
0003_0068_0199_0171_0171.jpg 1 68 199 171 171
0004_0065_0087_0119_0119.jpg 1 65 87 119 119
0005_0326_0186_0273_0273.jpg 1 326 186 273 273
0006_0299_0194_0183_0183.jpg 1 299 194 183 183
0007_0223_0106_0224_0224.jpg 1 223 106 224 224
0008_0187_0058_0106_0106.jpg 1 187 58 106 106
0009_0270_0201_0159_0159.jpg 1 270 201 159 159
0010_0126_0050_0123_0123.jpg 1 126 50 123 123
0011_0207_0042_0055_0055.jpg 1 207 42 55 55
0012_0440_0311_0063_0063.jpg 1 440 311 63 63
0013_0086_0131_0027_0027.jpg 1 86 131 27 27
0014_0095_0135_0037_0037.jpg 1 95 135 37 37
0015_0266_0075_0324_0324.jpg 1 266 75 324 324
0016_0148_0013_0145_0145.jpg 1 148 13 145 145
0017_0112_0150_0101_0101.jpg 1 112 150 101 101
0018_0128_0026_0026_0026.jpg 1 128 26 26 26
0019_0138_0317_0024_0024.jpg 1 138 317 24 24
0020_0250_0054_0243_0243.jpg 1 250 54 243 243
0021_0062_0115_0234_0234.jpg 1 62 115 234 234
0022_0324_0191_0205_0205.jpg 1 324 191 205 205
0023_0036_0058_0093_0093.jpg 1 36 58 93 93
0024_0307_0166_0277_0277.jpg 1 307 166 277 277
0025_0084_0020_0119_0119.jpg 1 84 20 119 119
0026_0192_0273_0113_0113.jpg 1 192 273 113 113
0027_0092_0020_0316_0316.jpg 1 92 20 316 316
0028_0086_0063_0116_0116.jpg 1 86 63 116 116
0029_0190_0180_0249_0249.jpg 1 190 180 249 249
0030_0145_0078_0292_0292.jpg 1 145 78 292 292
0031_0022_0118_0058_0058.jpg 1 22 118 58 58
0032_0273_0087_0167_0167.jpg 1 273 87 167 167
0033_0147_0279_0156_0156.jpg 1 147 279 156 156
0034_0200_0097_0070_0070.jpg 1 200 97 70 70
0035_0034_0125_0328_0328.jpg 1 34 125 328 328
0036_0151_0053_0092_0092.jpg 1 151 53 92 92
0037_0136_0127_0062_0062.jpg 1 136 127 62 62
0038_0060_0036_0024_0024.jpg 1 60 36 24 24
0039_0441_0059_0142_0142.jpg 1 441 59 142 142
0040_0232_0491_0077_0077.jpg 1 232 491 77 77
0041_0131_0017_0156_0156.jpg 1 131 17 156 156
0042_0283_0163_0286_0286.jpg 1 283 163 286 286
0043_0177_0179_0021_0021.jpg 1 177 179 21 21
0044_0071_0129_0285_0285.jpg 1 71 129 285 285
0045_0378_0231_0144_0144.jpg 1 378 231 144 144
0046_0019_0054_0118_0118.jpg 1 19 54 118 118
0047_0212_0084_0078_0078.jpg 1 212 84 78 78
0048_0147_0133_0227_0227.jpg 1 147 133 227 227
0049_0098_0018_0115_0115.jpg 1 98 18 115 115
0050_0119_0074_0054_0054.jpg 1 119 74 54 54
0051_0164_0110_0279_0279.jpg 1 164 110 279 279
0052_0061_0084_0117_0117.jpg 1 61 84 117 117
0053_0153_0052_0117_0117.jpg 1 153 52 117 117
0054_0030_0062_0127_0127.jpg 1 30 62 127 127
0055_0159_0068_0051_0051.jpg 1 159 68 51 51
0056_0294_0342_0132_0132.jpg 1 294 342 132 132
0057_0078_0112_0274_0274.jpg 1 78 112 274 274
0058_0266_0053_0295_0295.jpg 1 266 53 295 295
0059_0138_0248_0052_0052.jpg 1 138 248 52 52
0060_0063_0065_0023_0023.jpg 1 63 65 23 23
0061_0083_0265_0196_0196.jpg 1 83 265 196 196
0062_0304_0113_0206_0206.jpg 1 304 113 206 206
0063_0140_0103_0088_0088.jpg 1 140 103 88 88
0064_0090_0091_0099_0099.jpg 1 90 91 99 99
0001_0083_0271_0083_0083.jpg 1 83 271 83 83
0002_0129_0123_0217_0217.jpg 1 129 123 217 217
0003_0027_0022_0023_0023.jpg 1 27 22 23 23
0004_0088_0044_0137_0137.jpg 1 88 44 137 137
0005_0134_0121_0031_0031.jpg 1 134 121 31 31
0006_0135_0115_0039_0039.jpg 1 135 115 39 39
0007_0424_0165_0044_0044.jpg 1 424 165 44 44
0008_0136_0035_0146_0146.jpg 1 136 35 146 146
0009_0372_0394_0065_0065.jpg 1 372 394 65 65
0010_0233_0309_0079_0079.jpg 1 233 309 79 79
0011_0026_0012_0120_0120.jpg 1 26 12 120 120
0012_0056_0048_0274_0274.jpg 1 56 48 274 274
0013_0361_0041_0080_0080.jpg 1 361 41 80 80
0014_0123_0070_0259_0259.jpg 1 123 70 259 259
0015_0169_0061_0101_0101.jpg 1 169 61 101 101
0016_0075_0015_0332_0332.jpg 1 75 15 332 332
0017_0023_0094_0065_0065.jpg 1 23 94 65 65
0018_0129_0029_0063_0063.jpg 1 129 29 63 63
0019_0037_0042_0104_0104.jpg 1 37 42 104 104
0020_0113_0096_0097_0097.jpg 1 113 96 97 97
0021_0174_0063_0105_0105.jpg 1 174 63 105 105
0022_0037_0121_0055_0055.jpg 1 37 121 55 55
0023_0254_0111_0146_0146.jpg 1 254 111 146 146
0024_0044_0073_0119_0119.jpg 1 44 73 119 119
0025_0071_0058_0101_0101.jpg 1 71 58 101 101
0026_0176_0068_0255_0255.jpg 1 176 68 255 255
0027_0110_0086_0141_0141.jpg 1 110 86 141 141
0028_0196_0414_0154_0154.jpg 1 196 414 154 154
0029_0247_0053_0042_0042.jpg 1 247 53 42 42
0030_0117_0235_0179_0179.jpg 1 117 235 179 179
0031_0173_0068_0328_0328.jpg 1 173 68 328 328
0032_0187_0004_0057_0057.jpg 1 187 4 57 57
0033_0056_0064_0040_0040.jpg 1 56 64 40 40
0034_0263_0200_0107_0107.jpg 1 263 200 107 107
0035_0286_0036_0267_0267.jpg 1 286 36 267 267
0036_0059_0031_0050_0050.jpg 1 59 31 50 50
0037_0284_0187_0181_0181.jpg 1 284 187 181 181
0038_0023_0030_0129_0129.jpg 1 23 30 129 129
0039_0067_0023_0033_0033.jpg 1 67 23 33 33
0040_0058_0042_0050_0050.jpg 1 58 42 50 50
0041_0299_0030_0223_0223.jpg 1 299 30 223 223
0042_0016_0073_0078_0078.jpg 1 16 73 78 78
0043_0064_0028_0137_0137.jpg 1 64 28 137 137
0044_0066_0153_0046_0046.jpg 1 66 153 46 46
0045_0218_0170_0213_0213.jpg 1 218 170 213 213
0046_0029_0058_0099_0099.jpg 1 29 58 99 99
0047_0450_0098_0096_0096.jpg 1 450 98 96 96
0048_0133_0043_0077_0077.jpg 1 133 43 77 77
0049_0156_0033_0319_0319.jpg 1 156 33 319 319
0050_0064_0087_0107_0107.jpg 1 64 87 107 107
0051_0204_0051_0064_0064.jpg 1 204 51 64 64
0052_0074_0025_0151_0151.jpg 1 74 25 151 151
0053_0031_0020_0077_0077.jpg 1 31 20 77 77
0054_0236_0067_0034_0034.jpg 1 236 67 34 34
0055_0190_0104_0056_0056.jpg 1 190 104 56 56
0056_0079_0124_0080_0080.jpg 1 79 124 80 80
0057_0126_0133_0090_0090.jpg 1 126 133 90 90
0058_0133_0067_0062_0062.jpg 1 133 67 62 62
0059_0143_0115_0107_0107.jpg 1 143 115 107 107
0060_0398_0140_0162_0162.jpg 1 398 140 162 162
0061_0163_0072_0329_0329.jpg 1 163 72 329 329
0062_0352_0053_0164_0164.jpg 1 352 53 164 164
0063_0031_0099_0106_0106.jpg 1 31 99 106 106
0064_0047_0158_0241_0241.jpg 1 47 158 241 241
0001_0372_0242_0176_0176.jpg 1 372 242 176 176
0002_0121_0068_0045_0045.jpg 1 121 68 45 45
0003_0076_0091_0064_0064.jpg 1 76 91 64 64
0004_0026_0156_0060_0060.jpg 1 26 156 60 60
0005_0182_0049_0305_0305.jpg 1 182 49 305 305
0006_0061_0016_0140_0140.jpg 1 61 16 140 140
0007_0035_0043_0108_0108.jpg 1 35 43 108 108
0008_0170_0188_0155_0155.jpg 1 170 188 155 155
0009_0030_0098_0030_0030.jpg 1 30 98 30 30
0010_0064_0180_0053_0053.jpg 1 64 180 53 53
0011_0253_0105_0291_0291.jpg 1 253 105 291 291
0012_0188_0140_0077_0077.jpg 1 188 140 77 77
0013_0309_0351_0034_0034.jpg 1 309 351 34 34
0014_0165_0087_0074_0074.jpg 1 165 87 74 74
0015_0132_0038_0064_0064.jpg 1 132 38 64 64
0016_0062_0254_0170_0170.jpg 1 62 254 170 170
0017_0082_0318_0189_0189.jpg 1 82 318 189 189
0018_0279_0261_0073_0073.jpg 1 279 261 73 73
0019_0100_0035_0152_0152.jpg 1 100 35 152 152
0020_0083_0144_0055_0055.jpg 1 83 144 55 55
0021_0044_0262_0135_0135.jpg 1 44 262 135 135
0022_0093_0076_0255_0255.jpg 1 93 76 255 255
0023_0056_0128_0021_0021.jpg 1 56 128 21 21
0024_0191_0059_0098_0098.jpg 1 191 59 98 98
0025_0162_0123_0278_0278.jpg 1 162 123 278 278
0026_0098_0120_0059_0059.jpg 1 98 120 59 59
0027_0450_0189_0070_0070.jpg 1 450 189 70 70
0028_0036_0126_0314_0314.jpg 1 36 126 314 314
0029_0111_0042_0021_0021.jpg 1 111 42 21 21
0030_0131_0024_0148_0148.jpg 1 131 24 148 148
0031_0423_0183_0165_0165.jpg 1 423 183 165 165
0032_0042_0098_0039_0039.jpg 1 42 98 39 39
0033_0090_0145_0061_0061.jpg 1 90 145 61 61
0034_0064_0087_0082_0082.jpg 1 64 87 82 82
0035_0132_0036_0139_0139.jpg 1 132 36 139 139
0036_0174_0033_0075_0075.jpg 1 174 33 75 75
0037_0146_0034_0101_0101.jpg 1 146 34 101 101
0038_0372_0077_0199_0199.jpg 1 372 77 199 199
0039_0250_0217_0159_0159.jpg 1 250 217 159 159
0040_0057_0052_0142_0142.jpg 1 57 52 142 142
0041_0068_0095_0122_0122.jpg 1 68 95 122 122
0042_0299_0118_0272_0272.jpg 1 299 118 272 272
0043_0126_0335_0100_0100.jpg 1 126 335 100 100
0044_0057_0062_0090_0090.jpg 1 57 62 90 90
0045_0126_0062_0145_0145.jpg 1 126 62 145 145
0046_0009_0081_0072_0072.jpg 1 9 81 72 72
0047_0476_0111_0066_0066.jpg 1 476 111 66 66
0048_0103_0019_0145_0145.jpg 1 103 19 145 145
0049_0344_0249_0090_0090.jpg 1 344 249 90 90
0050_0187_0231_0158_0158.jpg 1 187 231 158 158
0051_0245_0084_0155_0155.jpg 1 245 84 155 155
0052_0071_0052_0119_0119.jpg 1 71 52 119 119
0053_0127_0082_0198_0198.jpg 1 127 82 198 198
0054_0057_0058_0058_0058.jpg 1 57 58 58 58
0055_0022_0179_0036_0036.jpg 1 22 179 36 36
0056_0032_0127_0090_0090.jpg 1 32 127 90 90
0057_0197_0271_0161_0161.jpg 1 197 271 161 161
0058_0030_0034_0049_0049.jpg 1 30 34 49 49
0059_0191_0186_0195_0195.jpg 1 191 186 195 195
0060_0155_0024_0057_0057.jpg 1 155 24 57 57
0061_0278_0235_0082_0082.jpg 1 278 235 82 82
0062_0178_0031_0026_0026.jpg 1 178 31 26 26
0063_0174_0068_0089_0089.jpg 1 174 68 89 89
0064_0054_0145_0291_0291.jpg 1 54 145 291 291
0001_0103_0100_0166_0166.jpg 1 103 100 166 166
0002_0080_0184_0106_0106.jpg 1 80 184 106 106
0003_0254_0175_0152_0152.jpg 1 254 175 152 152
0004_0305_0123_0272_0272.jpg 1 305 123 272 272
0005_0468_0370_0031_0031.jpg 1 468 370 31 31
0006_0216_0057_0267_0267.jpg 1 216 57 267 267
0007_0233_0102_0061_0061.jpg 1 233 102 61 61
0008_0104_0065_0151_0151.jpg 1 104 65 151 151
0009_0061_0051_0044_0044.jpg 1 61 51 44 44
0010_0291_0283_0031_0031.jpg 1 291 283 31 31
0011_0172_0146_0221_0221.jpg 1 172 146 221 221
0012_0075_0258_0208_0208.jpg 1 75 258 208 208
0013_0047_0097_0029_0029.jpg 1 47 97 29 29
0014_0197_0092_0054_0054.jpg 1 197 92 54 54
0015_0343_0206_0230_0230.jpg 1 343 206 230 230
0016_0060_0031_0064_0064.jpg 1 60 31 64 64
0017_0285_0173_0201_0201.jpg 1 285 173 201 201
0018_0541_0367_0038_0038.jpg 1 541 367 38 38
0019_0169_0037_0128_0128.jpg 1 169 37 128 128
0020_0020_0054_0038_0038.jpg 1 20 54 38 38
0021_0022_0113_0099_0099.jpg 1 22 113 99 99
0022_0430_0341_0033_0033.jpg 1 430 341 33 33
0023_0045_0083_0119_0119.jpg 1 45 83 119 119
0024_0176_0076_0036_0036.jpg 1 176 76 36 36
0025_0238_0126_0048_0048.jpg 1 238 126 48 48
0026_0158_0051_0125_0125.jpg 1 158 51 125 125
0027_0143_0100_0247_0247.jpg 1 143 100 247 247
0028_0287_0105_0241_0241.jpg 1 287 105 241 241
0029_0022_0079_0076_0076.jpg 1 22 79 76 76
0030_0042_0127_0033_0033.jpg 1 42 127 33 33
0031_0041_0047_0044_0044.jpg 1 41 47 44 44
0032_0084_0035_0093_0093.jpg 1 84 35 93 93
0033_0285_0185_0236_0236.jpg 1 285 185 236 236
0034_0050_0122_0023_0023.jpg 1 50 122 23 23
0035_0070_0081_0095_0095.jpg 1 70 81 95 95
0036_0017_0104_0106_0106.jpg 1 17 104 106 106
0037_0062_0158_0051_0051.jpg 1 62 158 51 51
0038_0308_0195_0092_0092.jpg 1 308 195 92 92
0039_0159_0037_0062_0062.jpg 1 159 37 62 62
0040_0088_0029_0059_0059.jpg 1 88 29 59 59
0041_0063_0076_0149_0149.jpg 1 63 76 149 149
0042_0099_0264_0082_0082.jpg 1 99 264 82 82
0043_0332_0237_0210_0210.jpg 1 332 237 210 210
0044_0056_0016_0072_0072.jpg 1 56 16 72 72
0045_0149_0064_0052_0052.jpg 1 149 64 52 52
0046_0042_0071_0072_0072.jpg 1 42 71 72 72
0047_0212_0126_0065_0065.jpg 1 212 126 65 65
0048_0126_0270_0107_0107.jpg 1 126 270 107 107
0049_0214_0064_0227_0227.jpg 1 214 64 227 227
0050_0090_0045_0027_0027.jpg 1 90 45 27 27
0051_0343_0074_0069_0069.jpg 1 343 74 69 69
0052_0104_0112_0111_0111.jpg 1 104 112 111 111
0053_0174_0038_0295_0295.jpg 1 174 38 295 295
0054_0128_0014_0106_0106.jpg 1 128 14 106 106
0055_0062_0067_0284_0284.jpg 1 62 67 284 284
0056_0179_0129_0157_0157.jpg 1 179 129 157 157
0057_0143_0092_0082_0082.jpg 1 143 92 82 82
0058_0018_0056_0143_0143.jpg 1 18 56 143 143
0059_0252_0114_0270_0270.jpg 1 252 114 270 270
0060_0158_0241_0047_0047.jpg 1 158 241 47 47
0061_0260_0054_0322_0322.jpg 1 260 54 322 322
0062_0175_0070_0281_0281.jpg 1 175 70 281 281
0063_0086_0137_0135_0135.jpg 1 86 137 135 135
0064_0101_0033_0124_0124.jpg 1 101 33 124 124
0001_0331_0095_0260_0260.jpg 1 331 95 260 260
0002_0152_0093_0275_0275.jpg 1 152 93 275 275
0003_0025_0015_0135_0135.jpg 1 25 15 135 135
0004_0136_0061_0126_0126.jpg 1 136 61 126 126
0005_0241_0088_0258_0258.jpg 1 241 88 258 258
0006_0188_0193_0150_0150.jpg 1 188 193 150 150
0007_0055_0010_0167_0167.jpg 1 55 10 167 167
0008_0108_0074_0185_0185.jpg 1 108 74 185 185
0009_0136_0384_0052_0052.jpg 1 136 384 52 52
0010_0070_0006_0114_0114.jpg 1 70 6 114 114
0011_0181_0182_0244_0244.jpg 1 181 182 244 244
0012_0247_0077_0044_0044.jpg 1 247 77 44 44
0013_0089_0029_0156_0156.jpg 1 89 29 156 156
0014_0066_0233_0253_0253.jpg 1 66 233 253 253
0015_0306_0197_0152_0152.jpg 1 306 197 152 152
0016_0026_0091_0138_0138.jpg 1 26 91 138 138
0017_0289_0209_0215_0215.jpg 1 289 209 215 215
0018_0029_0027_0157_0157.jpg 1 29 27 157 157
0019_0048_0034_0148_0148.jpg 1 48 34 148 148
0020_0051_0047_0101_0101.jpg 1 51 47 101 101
0021_0128_0286_0094_0094.jpg 1 128 286 94 94
0022_0290_0184_0146_0146.jpg 1 290 184 146 146
0023_0139_0025_0061_0061.jpg 1 139 25 61 61
0024_0131_0038_0270_0270.jpg 1 131 38 270 270
0025_0398_0266_0165_0165.jpg 1 398 266 165 165
0026_0201_0099_0193_0193.jpg 1 201 99 193 193
0027_0061_0210_0183_0183.jpg 1 61 210 183 183
0028_0059_0079_0062_0062.jpg 1 59 79 62 62
0029_0072_0261_0168_0168.jpg 1 72 261 168 168
0030_0052_0228_0170_0170.jpg 1 52 228 170 170
0031_0039_0060_0079_0079.jpg 1 39 60 79 79
0032_0050_0101_0263_0263.jpg 1 50 101 263 263
0033_0334_0076_0249_0249.jpg 1 334 76 249 249
0034_0315_0186_0159_0159.jpg 1 315 186 159 159
0035_0203_0251_0179_0179.jpg 1 203 251 179 179
0036_0065_0085_0129_0129.jpg 1 65 85 129 129
0037_0167_0242_0111_0111.jpg 1 167 242 111 111
0038_0046_0040_0121_0121.jpg 1 46 40 121 121
0039_0008_0131_0060_0060.jpg 1 8 131 60 60
0040_0052_0171_0332_0332.jpg 1 52 171 332 332
0041_0066_0060_0157_0157.jpg 1 66 60 157 157
0042_0084_0147_0050_0050.jpg 1 84 147 50 50
0043_0466_0174_0023_0023.jpg 1 466 174 23 23
0044_0249_0081_0325_0325.jpg 1 249 81 325 325
0045_0341_0159_0194_0194.jpg 1 341 159 194 194
0046_0123_0132_0158_0158.jpg 1 123 132 158 158
0047_0459_0289_0091_0091.jpg 1 459 289 91 91
0048_0213_0143_0211_0211.jpg 1 213 143 211 211
0049_0299_0465_0026_0026.jpg 1 299 465 26 26
0050_0055_0316_0261_0261.jpg 1 55 316 261 261
0051_0075_0146_0037_0037.jpg 1 75 146 37 37
0052_0361_0452_0045_0045.jpg 1 361 452 45 45
0053_0021_0059_0079_0079.jpg 1 21 59 79 79
0054_0160_0027_0052_0052.jpg 1 160 27 52 52
0055_0163_0141_0264_0264.jpg 1 163 141 264 264
0056_0026_0022_0082_0082.jpg 1 26 22 82 82
0057_0183_0185_0142_0142.jpg 1 183 185 142 142
0058_0094_0042_0129_0129.jpg 1 94 42 129 129
0059_0482_0100_0067_0067.jpg 1 482 100 67 67
0060_0152_0019_0135_0135.jpg 1 152 19 135 135
0061_0320_0256_0076_0076.jpg 1 320 256 76 76
0062_0106_0038_0063_0063.jpg 1 106 38 63 63
0063_0176_0034_0065_0065.jpg 1 176 34 65 65
0064_0018_0036_0148_0148.jpg 1 18 36 148 148
0001_0437_0241_0037_0037.jpg 1 437 241 37 37
0002_0188_0418_0128_0128.jpg 1 188 418 128 128
0003_0168_0112_0041_0041.jpg 1 168 112 41 41
0004_0181_0046_0092_0092.jpg 1 181 46 92 92
0005_0200_0054_0234_0234.jpg 1 200 54 234 234
0006_0251_0317_0032_0032.jpg 1 251 317 32 32
0007_0110_0156_0294_0294.jpg 1 110 156 294 294
0008_0171_0085_0037_0037.jpg 1 171 85 37 37
0009_0070_0155_0025_0025.jpg 1 70 155 25 25
0010_0143_0052_0148_0148.jpg 1 143 52 148 148
0011_0033_0040_0136_0136.jpg 1 33 40 136 136
0012_0051_0037_0091_0091.jpg 1 51 37 91 91
0013_0259_0050_0266_0266.jpg 1 259 50 266 266
0014_0168_0130_0056_0056.jpg 1 168 130 56 56
0015_0115_0070_0044_0044.jpg 1 115 70 44 44
0016_0081_0297_0114_0114.jpg 1 81 297 114 114
0017_0058_0024_0082_0082.jpg 1 58 24 82 82
0018_0029_0073_0122_0122.jpg 1 29 73 122 122
0019_0097_0111_0038_0038.jpg 1 97 111 38 38
0020_0131_0058_0098_0098.jpg 1 131 58 98 98
0021_0028_0056_0156_0156.jpg 1 28 56 156 156
0022_0096_0022_0114_0114.jpg 1 96 22 114 114
0023_0160_0070_0302_0302.jpg 1 160 70 302 302
0024_0300_0246_0169_0169.jpg 1 300 246 169 169
0025_0066_0033_0097_0097.jpg 1 66 33 97 97
0026_0329_0420_0108_0108.jpg 1 329 420 108 108
0027_0254_0097_0118_0118.jpg 1 254 97 118 118
0028_0121_0025_0095_0095.jpg 1 121 25 95 95
0029_0059_0100_0080_0080.jpg 1 59 100 80 80
0030_0208_0065_0304_0304.jpg 1 208 65 304 304
0031_0476_0213_0062_0062.jpg 1 476 213 62 62
0032_0264_0078_0100_0100.jpg 1 264 78 100 100
0033_0036_0007_0143_0143.jpg 1 36 7 143 143
0034_0011_0085_0096_0096.jpg 1 11 85 96 96
0035_0089_0026_0082_0082.jpg 1 89 26 82 82
0036_0107_0008_0109_0109.jpg 1 107 8 109 109
0037_0293_0302_0136_0136.jpg 1 293 302 136 136
0038_0339_0162_0159_0159.jpg 1 339 162 159 159
0039_0138_0077_0309_0309.jpg 1 138 77 309 309
0040_0157_0231_0214_0214.jpg 1 157 231 214 214
0041_0147_0084_0291_0291.jpg 1 147 84 291 291
0042_0176_0422_0166_0166.jpg 1 176 422 166 166
0043_0371_0198_0136_0136.jpg 1 371 198 136 136
0044_0025_0028_0057_0057.jpg 1 25 28 57 57
0045_0012_0094_0117_0117.jpg 1 12 94 117 117
0046_0067_0163_0187_0187.jpg 1 67 163 187 187
0047_0482_0316_0065_0065.jpg 1 482 316 65 65
0048_0247_0056_0315_0315.jpg 1 247 56 315 315
0049_0422_0143_0113_0113.jpg 1 422 143 113 113
0050_0020_0098_0090_0090.jpg 1 20 98 90 90
0051_0139_0088_0047_0047.jpg 1 139 88 47 47
0052_0030_0089_0101_0101.jpg 1 30 89 101 101
0053_0156_0089_0313_0313.jpg 1 156 89 313 313
0054_0067_0019_0127_0127.jpg 1 67 19 127 127
0055_0101_0019_0124_0124.jpg 1 101 19 124 124
0056_0231_0313_0022_0022.jpg 1 231 313 22 22
0057_0225_0080_0069_0069.jpg 1 225 80 69 69
0058_0094_0027_0103_0103.jpg 1 94 27 103 103
0059_0061_0340_0179_0179.jpg 1 61 340 179 179
0060_0232_0178_0240_0240.jpg 1 232 178 240 240
0061_0124_0091_0078_0078.jpg 1 124 91 78 78
0062_0104_0043_0335_0335.jpg 1 104 43 335 335
0063_0218_0306_0110_0110.jpg 1 218 306 110 110
0064_0041_0108_0023_0023.jpg 1 41 108 23 23
0001_0294_0229_0131_0131.jpg 1 294 229 131 131
0002_0112_0106_0297_0297.jpg 1 112 106 297 297
0003_0113_0054_0180_0180.jpg 1 113 54 180 180
0004_0066_0071_0071_0071.jpg 1 66 71 71 71
0005_0082_0099_0089_0089.jpg 1 82 99 89 89
0006_0225_0161_0231_0231.jpg 1 225 161 231 231
0007_0114_0149_0225_0225.jpg 1 114 149 225 225
0008_0037_0326_0271_0271.jpg 1 37 326 271 271
0009_0076_0086_0327_0327.jpg 1 76 86 327 327
0010_0197_0046_0268_0268.jpg 1 197 46 268 268
0011_0060_0102_0114_0114.jpg 1 60 102 114 114
0012_0167_0463_0114_0114.jpg 1 167 463 114 114
0013_0123_0013_0099_0099.jpg 1 123 13 99 99
0014_0041_0310_0257_0257.jpg 1 41 310 257 257
0015_0067_0024_0314_0314.jpg 1 67 24 314 314
0016_0108_0076_0136_0136.jpg 1 108 76 136 136
0017_0294_0077_0242_0242.jpg 1 294 77 242 242
0018_0182_0029_0232_0232.jpg 1 182 29 232 232
0019_0089_0120_0053_0053.jpg 1 89 120 53 53
0020_0239_0187_0092_0092.jpg 1 239 187 92 92
0021_0198_0158_0221_0221.jpg 1 198 158 221 221
0022_0147_0421_0053_0053.jpg 1 147 421 53 53
0023_0017_0110_0070_0070.jpg 1 17 110 70 70
0024_0024_0118_0043_0043.jpg 1 24 118 43 43
0025_0475_0194_0020_0020.jpg 1 475 194 20 20
0026_0170_0058_0315_0315.jpg 1 170 58 315 315
0027_0277_0198_0053_0053.jpg 1 277 198 53 53
0028_0440_0106_0122_0122.jpg 1 440 106 122 122
0029_0066_0117_0071_0071.jpg 1 66 117 71 71
0030_0178_0244_0103_0103.jpg 1 178 244 103 103
0031_0153_0171_0215_0215.jpg 1 153 171 215 215
0032_0355_0152_0220_0220.jpg 1 355 152 220 220
0033_0101_0103_0033_0033.jpg 1 101 103 33 33
0034_0284_0230_0101_0101.jpg 1 284 230 101 101
0035_0355_0105_0126_0126.jpg 1 355 105 126 126
0036_0421_0102_0020_0020.jpg 1 421 102 20 20
0037_0311_0167_0147_0147.jpg 1 311 167 147 147
0038_0228_0226_0035_0035.jpg 1 228 226 35 35
0039_0384_0067_0093_0093.jpg 1 384 67 93 93
0040_0147_0211_0095_0095.jpg 1 147 211 95 95
0041_0522_0235_0027_0027.jpg 1 522 235 27 27
0042_0075_0027_0107_0107.jpg 1 75 27 107 107
0043_0134_0016_0132_0132.jpg 1 134 16 132 132
0044_0046_0049_0156_0156.jpg 1 46 49 156 156
0045_0151_0098_0086_0086.jpg 1 151 98 86 86
0046_0372_0177_0197_0197.jpg 1 372 177 197 197
0047_0326_0535_0039_0039.jpg 1 326 535 39 39
0048_0027_0028_0046_0046.jpg 1 27 28 46 46
0049_0015_0128_0084_0084.jpg 1 15 128 84 84
0050_0329_0269_0080_0080.jpg 1 329 269 80 80
0051_0261_0070_0076_0076.jpg 1 261 70 76 76
0052_0252_0242_0024_0024.jpg 1 252 242 24 24
0053_0164_0098_0286_0286.jpg 1 164 98 286 286
0054_0114_0030_0046_0046.jpg 1 114 30 46 46
0055_0031_0057_0111_0111.jpg 1 31 57 111 111
0056_0072_0075_0063_0063.jpg 1 72 75 63 63
0057_0326_0167_0122_0122.jpg 1 326 167 122 122
0058_0103_0109_0104_0104.jpg 1 103 109 104 104
0059_0126_0082_0292_0292.jpg 1 126 82 292 292
0060_0031_0075_0066_0066.jpg 1 31 75 66 66
0061_0315_0178_0215_0215.jpg 1 315 178 215 215
0062_0023_0045_0074_0074.jpg 1 23 45 74 74
0063_0072_0216_0089_0089.jpg 1 72 216 89 89
0064_0100_0243_0077_0077.jpg 1 100 243 77 77
